-15.54499999999999992895
-15.77500000000000035527
-15.63749999999999928946
-15.72450000000000081002
-15.60149999999999970157
-15.43249999999999921840
-15.95950000000000024158
-15.27200000000000024158
-16.02649999999999863576
-15.55850000000000044054
-15.58249999999999957367
-15.77299999999999968736
-15.66750000000000042633
-16.03650000000000019895
-15.42350000000000065370
-15.83649999999999913314
-16.20899999999999963052
-16.11850000000000093792
-15.62650000000000005684
-15.92300000000000004263
-15.71950000000000002842
-16.03900000000000147793
-15.91600000000000036948
-15.93650000000000055422
-15.34650000000000069633
-15.72499999999999964473
-15.51650000000000062528
-15.86449999999999960210
-15.88250000000000028422
-15.69100000000000072475
-15.76699999999999945999
-15.72550000000000025580
-15.66499999999999914735
-15.88349999999999972999
-15.79400000000000048317
-16.03000000000000113687
-15.67650000000000076739
-15.76399999999999934630
-15.68849999999999944578
-15.76500000000000056843
-15.68900000000000005684
-15.77549999999999918998
-15.88850000000000051159
-15.92849999999999965894
-16.10050000000000025580
-15.52699999999999924682
-15.72700000000000031264
-16.01249999999999928946
-15.50949999999999917577
-15.73900000000000076739
-15.79049999999999975842
-15.81750000000000078160
-15.54749999999999943157
-15.61449999999999960210
-15.50650000000000083844
-15.70749999999999957367
-15.57900000000000062528
-15.73499999999999943157
-15.58099999999999951683
-15.43699999999999938893
-15.66200000000000081002
-15.98199999999999931788
-15.70299999999999940314
-15.93399999999999927525
-15.44800000000000039790
-16.06700000000000017053
-16.08749999999999857891
-15.65099999999999980105
-15.75900000000000034106
-15.97949999999999981526
-15.44800000000000039790
-15.91249999999999964473
-15.52849999999999930367
-15.72749999999999914735
-15.73450000000000059686
-15.55799999999999982947
-15.92900000000000027001
-15.62349999999999994316
-15.78350000000000008527
-15.72550000000000025580
-15.88700000000000045475
-15.61599999999999965894
-15.64499999999999957367
-15.83150000000000012790
-15.53599999999999958789
-15.78899999999999970157
-15.64700000000000024158
-15.66600000000000036948
-15.92900000000000027001
-15.50750000000000028422
-16.04500000000000170530
-15.64949999999999974420
-16.22449999999999903366
-15.47499999999999964473
-15.62100000000000044054
-16.11700000000000088107
-15.83200000000000073896
-15.60200000000000031264
-15.74099999999999965894
-16.02149999999999963052
