0.63395263999999984517
0.65342787999999873971
0.59332326000000168431
0.69069945999999537989
0.69909395999999501825
0.65510677999999700205
0.64369025999999818222
0.68029027999999469589
0.70010129999999359818
0.63563154000000010591
0.60071042000000185457
0.65880035999999930763
0.65577833999999779468
0.62119299999999888495
0.65275632000000083366
0.59030124000000083750
0.59835996000000024608
0.67055265999999547066
0.64973429999999765538
0.61850676000000026633
0.63395263999999862392
0.61984988000000107444
0.59701684000000077024
0.67055265999999669191
0.63395263999999984517
0.67760403999999552216
0.68465541999999490752
0.66215815999999738661
0.56948288000000224507
0.64536915999999910909
0.60104620000000130720
0.64436181999999775361
0.65174897999999736875
0.65712145999999815871
0.59433060000000004219
0.62656547999999989695
0.61179115999999944542
0.63193795999999979873
0.64469759999999887157
0.65745723999999550191
0.60709024000000066934
0.62152878000000155723
0.61951409999999929035
0.61615629999999932398
0.63395263999999884597
0.57351224000000144976
0.62085722000000265197
0.67290311999999663506
0.69137101999999817092
0.65712145999999682644
0.61481317999999973711
0.65141319999999824919
0.67088843999999592249
0.61917831999999961567
0.61347005999999948411
0.64100401999999845337
0.65611411999999669220
0.65980769999999677733
0.67592513999999659369
0.66148659999999692705
0.64402603999999863404
0.65342787999999685233
0.67894715999999599720
0.64436181999999653236
0.60440400000000038538
0.67894715999999577516
0.65107741999999768634
0.67256733999999618323
0.63495997999999931327
0.65141319999999891532
0.62690126000000134798
0.64268291999999804798
0.71789763999999511856
0.62690125999999968265
0.65913613999999820514
0.68431963999999834147
0.63865355999999839920
0.57049022000000304544
0.64033245999999854892
0.60608290000000064612
0.65880035999999608798
0.62387924000000061220
0.71151781999999319517
0.60809757999999969336
0.63227373999999914034
0.69472881999999425151
0.64906273999999741786
0.66853797999999864388
0.62387923999999994606
0.69237835999999552961
0.60440400000000049641
0.65947191999999776879
0.61682785999999978355
0.64268291999999871411
0.61246272000000157032
0.59970308000000083215
0.68230495999999529744
0.61481317999999862689
0.62790859999999992791
0.71017469999999416341
