-23.57000000000000028422
-23.49599999999999866418
-24.12650000000000005684
-23.38700000000000045475
-23.42749999999999843681
-23.64750000000000085265
-24.11449999999999960210
-23.96150000000000090949
-23.01950000000000073896
-24.31099999999999994316
-23.32349999999999923261
-23.48100000000000164846
-23.75649999999999906208
-23.84149999999999991473
-23.66499999999999914735
-23.23400000000000176215
-23.68900000000000005684
-23.49149999999999849365
-23.99099999999999965894
-23.77100000000000079581
-23.52250000000000085265
-24.21249999999999857891
-23.08849999999999980105
-23.83849999999999980105
-24.21399999999999863576
-23.37099999999999866418
-23.87450000000000116529
-24.10849999999999937472
-23.52250000000000085265
-23.56550000000000011369
-23.90099999999999980105
-23.94300000000000139266
-23.82400000000000162004
-24.03300000000000125056
-23.69200000000000017053
-23.80900000000000105160
-23.44000000000000127898
-23.99800000000000110845
-23.45850000000000079581
-24.13899999999999934630
-23.36400000000000076739
-23.53750000000000142109
-23.80750000000000099476
-23.59199999999999874944
-23.32849999999999823785
-23.86700000000000088107
-23.57150000000000034106
-24.04899999999999948841
-23.42749999999999843681
-23.66100000000000136424
-23.53650000000000019895
-23.22749999999999914735
-23.76549999999999940314
-23.68299999999999982947
-23.66049999999999897682
-23.52199999999999846523
-23.60500000000000042633
-24.52700000000000102318
-23.51150000000000162004
-23.22400000000000019895
-23.76800000000000068212
-23.41000000000000014211
-23.77949999999999874944
-23.64499999999999957367
-24.06650000000000133582
-23.56500000000000127898
-23.95649999999999835154
-23.46199999999999974420
-24.28350000000000008527
-24.18199999999999860734
-23.81749999999999900524
-23.57649999999999934630
-23.44600000000000150635
-23.25600000000000022737
-23.84250000000000113687
-23.39300000000000068212
-23.23649999999999948841
-23.65149999999999863576
-23.48300000000000054001
-23.42200000000000059686
-23.60200000000000031264
-23.85399999999999920419
-23.74350000000000093792
-23.35000000000000142109
-23.15599999999999880629
-23.36550000000000082423
-23.69099999999999894840
-23.77700000000000102318
-24.24849999999999994316
-23.45299999999999940314
-23.58599999999999852207
-24.00300000000000011369
-23.58500000000000085265
-24.19050000000000011369
-23.19950000000000045475
-23.27550000000000096634
-23.94350000000000022737
-23.48799999999999954525
-23.31850000000000022737
-23.54400000000000048317
