-15.89649999999999963052
-15.56300000000000061107
-15.78899999999999970157
-16.19450000000000144951
-16.34700000000000130740
-15.52449999999999974420
-15.91699999999999981526
-15.56450000000000066791
-15.86350000000000015632
-16.51150000000000162004
-16.32150000000000034106
-16.14000000000000056843
-15.93399999999999927525
-16.41550000000000153477
-15.81799999999999961631
-15.82750000000000056843
-15.56550000000000011369
-15.86650000000000027001
-16.13100000000000022737
-15.93849999999999944578
-15.60899999999999998579
-16.44800000000000039790
-16.20949999999999846523
-16.36499999999999843681
-16.17950000000000088107
-16.63149999999999906208
-16.46499999999999985789
-15.70400000000000062528
-16.00049999999999883471
-15.98949999999999960210
-15.50999999999999978684
-15.68299999999999982947
-16.16250000000000142109
-15.62349999999999994316
-16.63449999999999917577
-16.46649999999999991473
-15.99050000000000082423
-16.32250000000000156319
-16.60050000000000025580
-16.51099999999999923261
-15.67350000000000065370
-16.20149999999999934630
-15.97600000000000086686
-16.71799999999999997158
-15.80649999999999977263
-15.93299999999999982947
-16.16700000000000159162
-16.19399999999999906208
-16.47700000000000031264
-16.74549999999999982947
-16.05349999999999965894
-15.74050000000000082423
-16.04749999999999943157
-16.15950000000000130740
-16.11349999999999837996
-15.75900000000000034106
-15.78100000000000058265
-15.53700000000000081002
-15.81499999999999950262
-16.51950000000000073896
-16.59499999999999886313
-16.31950000000000144951
-16.74200000000000088107
-15.49399999999999977263
-15.89000000000000056843
-16.13050000000000139266
-16.13700000000000045475
-16.31250000000000000000
-16.45799999999999840838
-16.13850000000000051159
-15.56700000000000017053
-15.96299999999999918998
-15.64250000000000007105
-16.22749999999999914735
-15.69749999999999978684
-16.46849999999999880629
-15.99150000000000027001
-15.87299999999999933209
-16.42500000000000071054
-16.41100000000000136424
-17.22650000000000147793
-15.95749999999999957367
-16.44000000000000127898
-16.61949999999999860734
-15.99649999999999927525
-15.99050000000000082423
-16.13149999999999906208
-15.99050000000000082423
-15.89899999999999913314
-15.38599999999999923261
-16.22200000000000130740
-16.03800000000000025580
-16.40350000000000108002
-16.53049999999999997158
-16.16450000000000031264
-16.08399999999999963052
-16.42150000000000176215
-16.03200000000000002842
-15.53749999999999964473
-16.30949999999999988631
