-20.73999999999999843681
-20.02499999999999857891
-20.83699999999999974420
-20.50000000000000000000
-21.34149999999999991473
-20.36100000000000065370
-20.62750000000000127898
-20.80999999999999872102
-20.81800000000000139266
-20.67150000000000176215
-20.01000000000000156319
-20.38700000000000045475
-19.74200000000000088107
-20.89799999999999968736
-21.15299999999999869260
-20.78450000000000130740
-20.32900000000000062528
-20.44399999999999906208
-21.26749999999999829470
-20.37549999999999883471
-20.24149999999999849365
-19.89199999999999945999
-20.64199999999999945999
-20.77550000000000096634
-21.05450000000000088107
-20.66750000000000042633
-20.09400000000000119371
-20.51399999999999934630
-20.47850000000000036948
-20.91400000000000147793
-21.07649999999999934630
-20.86799999999999855049
-20.85750000000000170530
-20.52149999999999963052
-20.40749999999999886313
-20.77299999999999968736
-20.16000000000000014211
-20.82499999999999928946
-19.85849999999999937472
-21.06899999999999906208
-21.43949999999999889155
-20.69800000000000039790
-20.52799999999999869260
-20.70250000000000056843
-20.57499999999999928946
-20.73400000000000176215
-21.28049999999999997158
-20.98199999999999931788
-20.28049999999999997158
-20.14249999999999829470
-20.04200000000000159162
-20.40249999999999985789
-20.09349999999999880629
-20.84799999999999897682
-21.38200000000000144951
-20.88200000000000144951
-20.92000000000000170530
-20.60849999999999937472
-20.48600000000000065370
-20.64000000000000056843
-20.67050000000000054001
-20.69650000000000034106
-19.88899999999999934630
-20.58050000000000068212
-20.59850000000000136424
-20.65200000000000102318
-20.63350000000000150635
-20.30099999999999837996
-21.03150000000000119371
-20.71600000000000108002
-20.54650000000000176215
-20.95799999999999840838
-20.37300000000000110845
-20.62549999999999883471
-19.92449999999999832312
-20.39150000000000062528
-20.79449999999999931788
-20.43250000000000099476
-20.88899999999999934630
-20.32499999999999928946
-21.08350000000000079581
-20.55849999999999866418
-21.81950000000000144951
-20.49800000000000110845
-20.15149999999999863576
-20.80949999999999988631
-20.97400000000000019895
-20.55049999999999954525
-20.65650000000000119371
-21.51699999999999945999
-19.95700000000000073896
-20.00000000000000000000
-20.74800000000000110845
-20.09750000000000014211
-20.84799999999999897682
-20.45850000000000079581
-20.02250000000000085265
-20.72850000000000036948
-21.25049999999999883471
-20.83999999999999985789
