-19.11049999999999826628
-18.84799999999999897682
-19.29650000000000176215
-19.28450000000000130740
-18.94999999999999928946
-18.81200000000000116529
-19.51099999999999923261
-19.31899999999999906208
-19.01599999999999823785
-19.47850000000000036948
-19.32949999999999945999
-19.68850000000000122213
-19.15800000000000125056
-19.25150000000000005684
-19.83599999999999852207
-19.13850000000000051159
-19.04799999999999826628
-19.58749999999999857891
-19.13050000000000139266
-19.14450000000000073896
-18.73600000000000065370
-18.92699999999999960210
-19.80900000000000105160
-19.17849999999999965894
-19.10900000000000176215
-18.52649999999999863576
-18.98750000000000071054
-19.77149999999999963052
-18.96199999999999974420
-18.78249999999999886313
-18.83849999999999980105
-18.99749999999999872102
-19.50000000000000000000
-19.23949999999999960210
-18.99599999999999866418
-18.75750000000000028422
-19.14150000000000062528
-19.37849999999999894840
-19.30150000000000076739
-18.53150000000000119371
-18.57400000000000162004
-19.74749999999999872102
-19.51099999999999923261
-19.67800000000000082423
-18.98300000000000054001
-19.49399999999999977263
-18.75049999999999883471
-19.40149999999999863576
-19.33399999999999963052
-19.26999999999999957367
-19.16349999999999909051
-19.03999999999999914735
-19.38700000000000045475
-19.53150000000000119371
-19.40299999999999869260
-18.86700000000000088107
-19.33549999999999968736
-19.01500000000000056843
-18.90749999999999886313
-19.80499999999999971578
-19.68750000000000000000
-19.46549999999999869260
-19.62249999999999872102
-19.44350000000000022737
-19.09700000000000130740
-19.75900000000000034106
-18.97850000000000036948
-19.28150000000000119371
-19.39499999999999957367
-19.46699999999999874944
-19.71349999999999980105
-19.03150000000000119371
-19.65399999999999991473
-19.32849999999999823785
-19.24549999999999982947
-18.85399999999999920419
-19.73100000000000164846
-19.95550000000000068212
-19.57649999999999934630
-18.98400000000000176215
-19.55600000000000093792
-19.44900000000000162004
-19.27149999999999963052
-19.81299999999999883471
-19.30049999999999954525
-19.10300000000000153477
-18.94200000000000017053
-19.09949999999999903366
-19.11899999999999977263
-19.85099999999999909051
-19.32300000000000039790
-19.55450000000000088107
-18.80249999999999843681
-19.20599999999999951683
-19.50550000000000139266
-19.45299999999999940314
-20.11700000000000088107
-19.04700000000000059686
-18.67500000000000071054
-19.20299999999999940314
