-10.73349999999999937472
-10.98850000000000015632
-11.75399999999999955946
-10.73649999999999948841
-11.08200000000000073896
-10.91200000000000081002
-10.95100000000000051159
-11.32750000000000056843
-10.42999999999999971578
-10.94050000000000011369
-11.39349999999999951683
-11.38850000000000051159
-10.63949999999999995737
-10.79850000000000065370
-12.02149999999999963052
-11.09800000000000075318
-11.48249999999999992895
-10.77299999999999968736
-11.03449999999999953104
-10.89300000000000068212
-11.18399999999999927525
-10.81400000000000005684
-11.42399999999999948841
-11.06099999999999994316
-11.41699999999999981526
-11.45049999999999990052
-11.19999999999999928946
-11.35950000000000059686
-10.94250000000000078160
-10.91549999999999975842
-10.49699999999999988631
-10.57900000000000062528
-11.15000000000000035527
-10.91000000000000014211
-11.13850000000000051159
-10.87899999999999955946
-10.71899999999999941735
-11.29499999999999992895
-11.06499999999999950262
-11.07699999999999995737
-11.59900000000000019895
-10.63349999999999972999
-10.08999999999999985789
-10.60950000000000059686
-10.43599999999999994316
-11.19999999999999928946
-10.58150000000000012790
-10.99050000000000082423
-10.82399999999999984368
-10.95199999999999995737
-10.99150000000000027001
-10.76449999999999995737
-11.06450000000000066791
-10.59900000000000019895
-10.99450000000000038369
-11.06799999999999961631
-11.07450000000000045475
-10.51950000000000073896
-10.84050000000000046896
-10.52299999999999968736
-10.35549999999999926104
-11.80450000000000088107
-11.33050000000000068212
-10.60100000000000086686
-11.40150000000000041211
-12.14400000000000012790
-10.61149999999999948841
-10.80100000000000015632
-10.58099999999999951683
-11.14450000000000073896
-10.74099999999999965894
-10.62250000000000049738
-11.18350000000000044054
-11.04749999999999943157
-10.71100000000000029843
-10.64150000000000062528
-10.63799999999999990052
-10.79850000000000065370
-11.41350000000000086686
-11.22499999999999964473
-11.14250000000000007105
-11.09950000000000081002
-11.72400000000000019895
-11.12299999999999933209
-10.60800000000000054001
-11.42849999999999965894
-10.81900000000000083844
-11.09549999999999947420
-11.31300000000000061107
-11.06600000000000072475
-10.81550000000000011369
-11.16849999999999987210
-11.03999999999999914735
-11.07649999999999934630
-11.01249999999999928946
-11.49600000000000044054
-12.11800000000000032685
-10.56799999999999961631
-10.88400000000000034106
-11.56300000000000061107
