8.55269999999999974705
8.74499999999999921840
8.54219999999999934914
8.68709999999999915588
8.62650000000000005684
8.74980000000000046612
8.58869999999999933493
8.60970000000000013074
8.70599999999999951683
8.87340000000000017621
8.66670000000000051443
8.69130000000000002558
8.56680000000000063665
8.58060000000000044906
8.69909999999999961062
8.56649999999999955946
8.63490000000000001990
8.64750000000000085265
8.69069999999999964757
8.68200000000000038369
8.87160000000000081855
8.50169999999999959073
8.86379999999999945715
8.62710000000000043485
8.75009999999999976694
8.79330000000000033822
8.85389999999999943725
8.71679999999999921556
8.65409999999999968168
8.72129999999999938609
8.71020000000000038654
8.68319999999999936335
8.61299999999999954525
8.79420000000000001705
8.73210000000000086118
8.68110000000000070486
8.62229999999999918714
8.70960000000000000853
8.66549999999999975842
8.81310000000000037801
8.82060000000000066223
8.58750000000000035527
8.69940000000000068781
8.59110000000000084697
8.76030000000000086402
8.57579999999999920135
8.63819999999999943441
8.55330000000000012506
8.71320000000000050022
8.69640000000000057412
8.59200000000000052580
8.71710000000000029274
8.75249999999999950262
8.63250000000000028422
8.57249999999999978684
8.87609999999999921272
8.52420000000000044338
8.57039999999999935199
8.65949999999999953104
8.75820000000000042917
8.63700000000000045475
8.76239999999999952252
8.74169999999999980389
8.61389999999999922409
8.70209999999999972431
8.55480000000000018190
8.53860000000000063380
8.67300000000000004263
8.68709999999999915588
8.81220000000000069917
8.81760000000000054854
8.85510000000000019327
8.63160000000000060538
8.64719999999999977547
8.49419999999999930651
8.42430000000000056559
8.68469999999999942020
8.53860000000000063380
8.68019999999999924967
8.77319999999999922125
8.72189999999999976410
8.55630000000000023874
8.78369999999999961915
8.64390000000000036096
8.70749999999999957367
8.61989999999999945146
8.75999999999999978684
8.80470000000000041496
8.70299999999999940314
8.68800000000000061107
8.58660000000000067644
8.48339999999999960778
8.69190000000000040359
8.66580000000000083560
8.57699999999999995737
8.60730000000000039506
8.51459999999999972431
8.49540000000000006253
8.59290000000000020464
8.58719999999999927809
