10.33440000000000047464
10.27619999999999933493
10.32419999999999937756
10.44359999999999999432
10.46819999999999950546
10.15140000000000064517
10.44059999999999988063
10.75500000000000078160
10.44899999999999984368
10.46940000000000026148
10.39559999999999995168
10.23959999999999936904
10.44239999999999923830
10.53240000000000087255
10.46400000000000041211
10.25399999999999955946
10.75680000000000013927
10.15620000000000011653
10.52580000000000026716
10.70159999999999911324
10.30620000000000047180
10.72499999999999964473
10.71059999999999945430
10.45139999999999957936
10.28219999999999956231
10.43640000000000078728
10.62420000000000008811
10.82699999999999995737
10.41419999999999923546
10.52880000000000038085
10.38840000000000074465
10.32659999999999911324
10.31099999999999994316
10.33140000000000036096
9.94800000000000039790
10.17839999999999989200
10.71659999999999968168
10.62959999999999993747
10.35299999999999975842
10.44239999999999923830
10.55160000000000053433
10.33440000000000047464
10.51800000000000068212
10.40939999999999976410
10.36979999999999968452
10.57980000000000053717
10.62420000000000008811
10.45679999999999942872
10.33140000000000036096
10.55160000000000053433
10.49820000000000064233
10.49699999999999988631
10.33500000000000085265
10.59720000000000084128
10.11420000000000030127
10.99140000000000050306
10.59960000000000057696
10.38719999999999998863
10.57980000000000053717
10.86539999999999928093
10.30199999999999960210
10.53720000000000034390
10.72920000000000051443
10.35420000000000051443
10.09980000000000011084
10.56060000000000087539
10.35060000000000002274
10.44780000000000086402
10.80899999999999927525
10.50839999999999996305
10.62359999999999971010
10.31220000000000069917
10.34880000000000066507
10.69979999999999975557
10.15499999999999936051
10.02239999999999930935
10.31819999999999915019
10.60200000000000031264
10.54800000000000004263
10.77239999999999930935
10.68360000000000020748
10.37100000000000044054
10.36619999999999919282
10.09919999999999973284
10.58639999999999936620
10.24080000000000012506
10.19159999999999932641
10.44960000000000022169
10.40160000000000017906
10.67280000000000050875
10.35960000000000036380
10.44720000000000048601
10.67220000000000013074
10.43280000000000029559
10.49220000000000041496
10.57319999999999993179
10.33319999999999971863
10.47359999999999935483
10.42559999999999931219
10.31460000000000043485
