6.85679999999999978400
6.81360000000000010090
6.88999999999999968026
6.94299999999999961631
6.92239999999999966462
6.98339999999999960778
6.88860000000000027853
6.91140000000000043201
6.98679999999999967741
6.88060000000000027143
6.86519999999999974705
6.77160000000000028564
6.92480000000000028848
6.81299999999999972289
6.87319999999999975415
6.87080000000000001847
6.95099999999999962341
6.83919999999999994600
6.92579999999999973426
6.67020000000000035101
7.06799999999999961631
6.83220000000000027285
6.80079999999999973426
6.80579999999999962768
6.88900000000000023448
6.91859999999999963904
6.82300000000000039790
6.90120000000000022311
6.78200000000000002842
6.90899999999999980815
6.85299999999999975842
6.78939999999999965752
6.99979999999999957794
6.96379999999999999005
6.82800000000000029132
7.01820000000000021600
6.95319999999999982521
6.89379999999999970584
6.94679999999999964189
6.73420000000000040785
7.06479999999999996874
6.92520000000000024443
6.94280000000000008242
6.90739999999999998437
6.94380000000000041638
6.78760000000000029985
7.22820000000000018048
7.00919999999999987494
6.82399999999999984368
7.08520000000000038654
6.85679999999999978400
6.79739999999999966462
6.91579999999999994742
6.81400000000000005684
6.95220000000000037943
7.08199999999999985079
6.95720000000000027285
6.88640000000000007674
6.96799999999999997158
6.93119999999999958362
6.97140000000000004121
6.82139999999999968594
6.89519999999999999574
6.83819999999999961204
6.82099999999999972999
6.75560000000000027143
6.88459999999999983089
6.95659999999999989484
6.74979999999999957794
6.85580000000000033822
6.92260000000000008669
6.90960000000000018616
6.93780000000000018900
6.93559999999999998721
6.82899999999999973710
6.77719999999999966889
7.04319999999999968310
6.90800000000000036238
6.90760000000000040643
6.81639999999999979252
6.96680000000000010374
6.82179999999999964189
6.90160000000000017906
7.02439999999999997726
6.70139999999999957936
6.97459999999999968878
6.80660000000000042775
7.04900000000000037659
6.64079999999999959215
6.86219999999999963336
6.69760000000000044196
6.94700000000000006395
6.86280000000000001137
6.83940000000000036806
6.77759999999999962483
6.80140000000000011227
6.82559999999999966747
6.94559999999999977405
7.03179999999999960636
6.71900000000000030553
