8.94400000000000083844
8.77040000000000041780
9.51999999999999957367
9.09200000000000052580
8.97199999999999953104
9.27919999999999944862
8.80719999999999991758
9.02159999999999939746
8.67839999999999989200
9.01520000000000010232
8.66399999999999970157
8.88719999999999998863
8.83520000000000038654
9.30240000000000044622
9.45439999999999969305
8.70159999999999911324
9.25200000000000066791
8.82479999999999975557
8.68800000000000061107
9.04240000000000065938
8.84319999999999950546
8.80879999999999974136
9.25200000000000066791
8.86640000000000050306
9.18239999999999945146
9.09040000000000070202
9.20960000000000000853
9.00559999999999938325
8.59200000000000052580
9.00880000000000080718
8.62640000000000028990
8.86159999999999925535
8.82399999999999984368
9.53200000000000002842
9.02960000000000029274
8.66960000000000086118
9.13039999999999984936
9.13840000000000074465
8.93440000000000011937
8.88080000000000069349
8.93120000000000047180
8.85280000000000022453
9.20960000000000000853
9.15119999999999933493
8.96720000000000005969
8.54240000000000065938
9.10960000000000036380
9.56320000000000014495
9.12800000000000011369
9.41360000000000063380
8.95040000000000013358
8.47039999999999970726
8.86320000000000085549
8.89600000000000079581
9.07760000000000033538
8.85360000000000013642
9.56080000000000040927
8.84319999999999950546
8.81439999999999912461
9.07520000000000059970
9.31039999999999956515
8.76319999999999943441
8.70560000000000044906
9.09120000000000061391
8.74000000000000021316
9.05359999999999942588
9.16559999999999952536
8.58719999999999927809
8.95439999999999969305
9.24559999999999959641
8.84720000000000084128
8.92239999999999966462
9.66879999999999917293
8.98240000000000016200
9.11919999999999930651
8.93839999999999967883
8.94159999999999932641
8.74479999999999968452
8.59280000000000043769
8.74719999999999942020
9.16000000000000014211
8.53120000000000011653
8.92159999999999975273
9.16559999999999952536
8.61120000000000018758
8.83520000000000038654
8.91039999999999920988
8.91520000000000045759
8.81760000000000054854
8.53439999999999976410
8.93120000000000047180
8.76640000000000085834
9.25200000000000066791
9.33999999999999985789
9.13039999999999984936
9.38080000000000069349
8.96320000000000050022
8.99520000000000052864
9.02560000000000073328
8.62480000000000046612
