-23.41649999999999920419
-23.93750000000000000000
-23.74350000000000093792
-23.17699999999999960210
-23.67050000000000054001
-23.57600000000000051159
-23.70349999999999823785
-23.00900000000000034106
-24.19549999999999911893
-23.19200000000000017053
-23.19399999999999906208
-24.93049999999999855049
-23.56950000000000144951
-23.84450000000000002842
-23.87950000000000017053
-24.39249999999999829470
-22.92150000000000176215
-23.41349999999999909051
-23.25700000000000144951
-23.78699999999999903366
-23.32849999999999823785
-23.52349999999999852207
-24.06299999999999883471
-23.50049999999999883471
-22.68599999999999994316
-23.63500000000000156319
-23.96999999999999886313
-23.24099999999999965894
-23.74800000000000110845
-24.15449999999999874944
-24.02599999999999980105
-23.03000000000000113687
-23.29149999999999920419
-23.42999999999999971578
-23.24200000000000088107
-22.85999999999999943157
-23.27700000000000102318
-24.26699999999999945999
-24.31299999999999883471
-23.78600000000000136424
-24.25900000000000034106
-24.38950000000000173372
-22.72599999999999909051
-23.20449999999999945999
-24.05399999999999849365
-23.86149999999999948841
-25.00600000000000022737
-23.29400000000000048317
-23.22400000000000019895
-22.06599999999999894840
-22.85050000000000025580
-24.63650000000000162004
-23.53399999999999891998
-23.51249999999999928946
-24.19699999999999917577
-23.60650000000000048317
-23.98999999999999843681
-24.34049999999999869260
-23.92500000000000071054
-22.84400000000000119371
-22.92599999999999837996
-23.29449999999999931788
-23.24650000000000105160
-23.59649999999999891998
-24.86400000000000076739
-24.59850000000000136424
-23.88149999999999906208
-22.92350000000000065370
-24.65549999999999997158
-23.42249999999999943157
-23.15449999999999874944
-24.05399999999999849365
-23.95749999999999957367
-23.69699999999999917577
-24.01849999999999951683
-23.69650000000000034106
-23.45299999999999940314
-24.33549999999999968736
-24.98499999999999943157
-23.27049999999999840838
-24.64000000000000056843
-23.44849999999999923261
-22.84750000000000014211
-23.13700000000000045475
-23.93199999999999860734
-23.67050000000000054001
-22.60099999999999909051
-24.42950000000000088107
-24.24249999999999971578
-24.11149999999999948841
-23.22350000000000136424
-23.10300000000000153477
-24.34649999999999891998
-22.93100000000000093792
-23.87000000000000099476
-24.51249999999999928946
-23.86649999999999849365
-23.81599999999999894840
-23.90899999999999891998
-23.21000000000000085265
