-28.84400000000000119371
-28.25750000000000028422
-27.84750000000000014211
-29.39249999999999829470
-28.79250000000000042633
-29.34649999999999891998
-28.93799999999999883471
-28.44000000000000127898
-28.84649999999999891998
-27.88250000000000028422
-28.12600000000000122213
-28.81500000000000127898
-28.02899999999999991473
-27.87349999999999994316
-28.73000000000000042633
-29.15850000000000008527
-29.27400000000000090949
-27.23549999999999826628
-28.65650000000000119371
-28.27499999999999857891
-28.65899999999999891998
-27.56950000000000144951
-28.58200000000000073896
-29.32900000000000062528
-29.91600000000000036948
-28.60650000000000048317
-28.98349999999999937472
-28.41100000000000136424
-27.99299999999999855049
-28.81850000000000022737
-27.32499999999999928946
-29.37249999999999872102
-28.41649999999999920419
-29.00400000000000133582
-28.18649999999999877787
-27.57600000000000051159
-29.72100000000000008527
-29.18850000000000122213
-27.83099999999999951683
-28.97350000000000136424
-28.36949999999999860734
-28.81899999999999906208
-27.97950000000000159162
-29.32700000000000173372
-29.24699999999999988631
-28.54749999999999943157
-28.08549999999999968736
-28.47650000000000147793
-27.71300000000000096634
-29.58350000000000079581
-29.14000000000000056843
-27.27250000000000085265
-29.92050000000000054001
-28.91750000000000042633
-29.10950000000000059686
-28.84049999999999869260
-28.91349999999999909051
-27.94150000000000133582
-27.59149999999999991473
-28.85249999999999914735
-28.19800000000000039790
-28.85699999999999931788
-27.62349999999999994316
-29.59499999999999886313
-28.80300000000000082423
-28.75150000000000005684
-28.81449999999999889155
-28.34349999999999880629
-28.25900000000000034106
-28.06099999999999994316
-29.14450000000000073896
-26.77700000000000102318
-29.42249999999999943157
-29.02799999999999869260
-29.08549999999999968736
-28.82400000000000162004
-28.05799999999999982947
-28.81650000000000133582
-28.20050000000000167688
-29.36899999999999977263
-29.15700000000000002842
-29.02349999999999852207
-28.99249999999999971578
-29.05450000000000088107
-28.31850000000000022737
-27.80649999999999977263
-28.90599999999999880629
-27.49249999999999971578
-28.21549999999999869260
-28.50649999999999906208
-27.93400000000000105160
-29.01950000000000073896
-27.85099999999999909051
-28.48600000000000065370
-28.14750000000000085265
-27.59750000000000014211
-28.51099999999999923261
-29.73900000000000076739
-28.43799999999999883471
-28.10099999999999909051
