-29.14349999999999951683
-29.23699999999999832312
-29.92200000000000059686
-30.07700000000000173372
-28.51399999999999934630
-31.48349999999999937472
-30.27400000000000090949
-29.20050000000000167688
-30.38650000000000162004
-31.71499999999999985789
-29.92350000000000065370
-30.45299999999999940314
-29.95799999999999840838
-29.47250000000000014211
-28.98999999999999843681
-29.80249999999999843681
-30.15399999999999991473
-29.24449999999999860734
-29.05150000000000076739
-30.47449999999999903366
-29.20400000000000062528
-30.61100000000000065370
-30.27449999999999974420
-28.90449999999999874944
-28.52749999999999985789
-29.95299999999999940314
-29.39349999999999951683
-30.79700000000000059686
-30.83699999999999974420
-29.42299999999999826628
-28.73750000000000071054
-29.51300000000000167688
-29.89150000000000062528
-29.12650000000000005684
-29.55949999999999988631
-29.70599999999999951683
-29.12900000000000133582
-29.62249999999999872102
-28.85549999999999926104
-29.81800000000000139266
-30.24149999999999849365
-30.46499999999999985789
-29.84949999999999903366
-29.03099999999999880629
-29.39199999999999945999
-29.85800000000000054001
-29.29899999999999948841
-27.89399999999999835154
-29.29299999999999926104
-30.27949999999999874944
-31.07600000000000051159
-29.48049999999999926104
-29.55799999999999982947
-28.72050000000000125056
-31.00349999999999894840
-29.17500000000000071054
-29.84100000000000108002
-30.83050000000000068212
-30.68149999999999977263
-30.70550000000000068212
-30.01099999999999923261
-29.89699999999999846523
-29.82750000000000056843
-29.52850000000000108002
-29.82949999999999945999
-30.99599999999999866418
-29.03249999999999886313
-29.51999999999999957367
-30.22050000000000125056
-29.94600000000000150635
-30.31650000000000133582
-29.19300000000000139266
-29.48649999999999948841
-30.84149999999999991473
-30.06149999999999877787
-30.57649999999999934630
-31.62600000000000122213
-30.15449999999999874944
-30.83800000000000096634
-30.99149999999999849365
-29.93900000000000005684
-30.20100000000000051159
-29.05499999999999971578
-29.80849999999999866418
-29.99950000000000116529
-30.26450000000000173372
-30.53000000000000113687
-31.34550000000000125056
-29.94399999999999906208
-29.09600000000000008527
-30.46549999999999869260
-30.87750000000000127898
-29.68299999999999982947
-28.80000000000000071054
-31.30199999999999960210
-30.39450000000000073896
-29.31099999999999994316
-29.16300000000000025580
-29.94999999999999928946
-30.30600000000000093792
