-23.68149999999999977263
-25.53200000000000002842
-24.78300000000000125056
-24.82049999999999911893
-24.80549999999999855049
-25.16499999999999914735
-26.07900000000000062528
-23.89099999999999823785
-24.42350000000000065370
-25.17599999999999837996
-25.07649999999999934630
-24.80349999999999965894
-25.16049999999999897682
-24.86449999999999960210
-24.50700000000000144951
-24.98699999999999832312
-24.64099999999999823785
-25.12049999999999982947
-26.23949999999999960210
-25.39000000000000056843
-24.16049999999999897682
-24.23699999999999832312
-25.89600000000000079581
-25.29299999999999926104
-23.97800000000000153477
-24.23349999999999937472
-24.56050000000000110845
-24.86599999999999965894
-24.85600000000000164846
-23.55649999999999977263
-24.30649999999999977263
-24.40549999999999997158
-25.07600000000000051159
-24.48750000000000071054
-24.67699999999999960210
-24.94300000000000139266
-25.47950000000000159162
-24.99549999999999982947
-24.55499999999999971578
-25.29100000000000036948
-24.10350000000000036948
-24.88550000000000039790
-24.72950000000000159162
-25.38599999999999923261
-26.14799999999999968736
-23.50600000000000022737
-25.32049999999999911893
-24.94500000000000028422
-24.84550000000000125056
-25.11599999999999965894
-24.28800000000000025580
-24.24650000000000105160
-25.30049999999999954525
-25.38299999999999911893
-24.48349999999999937472
-24.59850000000000136424
-25.61550000000000082423
-25.32550000000000167688
-24.27349999999999852207
-25.59450000000000002842
-25.87900000000000133582
-24.76450000000000173372
-24.42699999999999960210
-24.98549999999999826628
-25.71999999999999886313
-25.11749999999999971578
-25.08050000000000068212
-23.77850000000000108002
-24.90099999999999980105
-26.16799999999999926104
-24.90749999999999886313
-25.51599999999999823785
-24.45250000000000056843
-24.47899999999999920419
-24.99500000000000099476
-25.40350000000000108002
-23.89750000000000085265
-24.57750000000000056843
-23.53500000000000014211
-24.31400000000000005684
-24.52250000000000085265
-26.10849999999999937472
-26.02199999999999846523
-24.95899999999999963052
-25.65200000000000102318
-24.91450000000000031264
-24.89349999999999951683
-24.61499999999999843681
-25.11949999999999860734
-25.24650000000000105160
-25.28500000000000014211
-24.58099999999999951683
-25.17749999999999843681
-25.36850000000000093792
-24.92849999999999965894
-25.22749999999999914735
-25.60300000000000153477
-25.84900000000000019895
-24.96349999999999980105
-24.73450000000000059686
