-32.17000000000000170530
-32.37049999999999982947
-30.46150000000000090949
-31.43049999999999855049
-31.02499999999999857891
-30.80900000000000105160
-31.58299999999999840838
-30.75949999999999917577
-31.45949999999999846523
-31.22599999999999909051
-30.48900000000000076739
-30.73300000000000054001
-32.10049999999999670308
-31.42500000000000071054
-31.80300000000000082423
-30.44300000000000139266
-31.61049999999999826628
-31.80750000000000099476
-31.62750000000000127898
-31.93149999999999977263
-30.84499999999999886313
-30.86349999999999837996
-30.92950000000000088107
-31.50700000000000144951
-31.51249999999999928946
-30.41100000000000136424
-32.29350000000000164846
-31.96399999999999863576
-32.16799999999999926104
-32.21600000000000108002
-30.90299999999999869260
-30.57900000000000062528
-31.23649999999999948841
-31.84949999999999903366
-31.05150000000000076739
-30.88800000000000167688
-31.61449999999999960210
-31.39000000000000056843
-31.25250000000000127898
-31.57900000000000062528
-31.22899999999999920419
-30.79749999999999943157
-32.76299999999999812417
-31.33999999999999985789
-32.98049999999999926104
-31.53200000000000002842
-31.76950000000000073896
-31.48750000000000071054
-30.32250000000000156319
-31.77100000000000079581
-31.12099999999999866418
-30.27499999999999857891
-30.15299999999999869260
-31.04350000000000164846
-30.63449999999999917577
-30.19150000000000133582
-32.54699999999999704414
-31.42599999999999837996
-30.10750000000000170530
-31.98900000000000076739
-31.64499999999999957367
-31.29500000000000170530
-32.52049999999999840838
-32.26850000000000306954
-31.02899999999999991473
-31.53549999999999897682
-31.75850000000000150635
-31.76200000000000045475
-31.32700000000000173372
-30.07199999999999917577
-31.85200000000000031264
-30.91799999999999926104
-31.53200000000000002842
-31.51099999999999923261
-31.23199999999999931788
-31.51699999999999945999
-31.27749999999999985789
-31.66600000000000036948
-30.81400000000000005684
-31.72299999999999897682
-31.37450000000000116529
-30.32999999999999829470
-30.92399999999999948841
-30.71900000000000119371
-31.45200000000000173372
-30.60350000000000036948
-30.23250000000000170530
-32.34449999999999647571
-31.10549999999999926104
-30.52250000000000085265
-31.47950000000000159162
-30.98699999999999832312
-31.33399999999999963052
-31.40500000000000113687
-30.78750000000000142109
-30.40099999999999980105
-29.98049999999999926104
-31.28600000000000136424
-30.65899999999999891998
-30.85750000000000170530
