-19.70799999999999840838
-18.86499999999999843681
-19.49899999999999877787
-19.64199999999999945999
-19.39799999999999968736
-20.03300000000000125056
-18.72400000000000019895
-19.37049999999999982947
-18.80999999999999872102
-19.63700000000000045475
-18.02049999999999840838
-18.91600000000000036948
-19.48049999999999926104
-19.80499999999999971578
-20.20400000000000062528
-18.32600000000000051159
-19.13550000000000039790
-19.41850000000000164846
-19.34400000000000119371
-18.78099999999999880629
-20.71399999999999863576
-18.76000000000000156319
-19.51999999999999957367
-19.93149999999999977263
-19.39750000000000085265
-19.48300000000000054001
-19.57649999999999934630
-19.64799999999999968736
-19.37500000000000000000
-18.09499999999999886313
-19.39499999999999957367
-19.52949999999999874944
-17.97449999999999903366
-18.20599999999999951683
-20.09949999999999903366
-19.40399999999999991473
-20.17749999999999843681
-18.92800000000000082423
-20.51999999999999957367
-20.16600000000000036948
-19.55049999999999954525
-18.80999999999999872102
-19.56400000000000005684
-19.49749999999999872102
-19.83149999999999835154
-19.61349999999999837996
-18.74500000000000099476
-18.94650000000000034106
-19.92999999999999971578
-17.82199999999999917577
-19.64499999999999957367
-20.09049999999999869260
-19.84850000000000136424
-18.85050000000000025580
-19.37600000000000122213
-20.54550000000000054001
-19.75750000000000028422
-20.83899999999999863576
-19.29899999999999948841
-19.31299999999999883471
-20.59900000000000019895
-18.33399999999999963052
-19.44699999999999917577
-19.16100000000000136424
-18.64949999999999974420
-19.83549999999999968736
-18.74549999999999982947
-19.64949999999999974420
-19.34299999999999997158
-20.13449999999999917577
-19.46499999999999985789
-19.16850000000000164846
-19.47299999999999897682
-18.50949999999999917577
-19.43199999999999860734
-19.30249999999999843681
-18.68149999999999977263
-19.49549999999999982947
-20.95449999999999945999
-18.76800000000000068212
-19.57550000000000167688
-19.52599999999999980105
-20.10399999999999920419
-19.47449999999999903366
-18.76800000000000068212
-19.88700000000000045475
-20.09649999999999891998
-19.12999999999999900524
-19.37999999999999900524
-19.56299999999999883471
-18.60600000000000164846
-19.42399999999999948841
-18.90500000000000113687
-18.89799999999999968736
-18.20200000000000173372
-19.40050000000000096634
-19.58399999999999963052
-19.06400000000000005684
-18.53200000000000002842
-18.81550000000000011369
