12.46030000000000015348
12.74070000000000035811
12.52800000000000046896
12.64039999999999963620
12.59029999999999915872
12.28410000000000046327
12.19560000000000066223
12.31889999999999929514
12.20010000000000083276
12.64170000000000015916
12.41370000000000040075
12.47330000000000005400
12.34270000000000067075
12.46010000000000061959
12.49479999999999968452
12.35720000000000062812
12.38679999999999914451
12.41530000000000022453
12.40549999999999997158
12.09110000000000084697
12.42950000000000088107
12.24380000000000023874
12.25559999999999938325
12.42800000000000082423
12.37599999999999944578
12.26989999999999980673
12.44219999999999970441
12.55300000000000082423
12.41460000000000007958
12.14080000000000048033
12.41890000000000071623
12.15629999999999988347
12.32779999999999986926
12.28079999999999927240
12.43730000000000046612
12.76960000000000050591
12.30640000000000000568
12.68469999999999942020
12.39119999999999954809
12.18159999999999953957
12.38589999999999946567
12.45860000000000056275
12.30180000000000006821
12.41450000000000031264
12.87390000000000078728
12.37920000000000086970
12.43549999999999933209
12.28989999999999938041
12.18580000000000040927
12.77519999999999988916
12.41690000000000004832
12.45679999999999942872
12.30829999999999913030
12.43900000000000005684
12.15939999999999976410
12.43219999999999991758
12.34510000000000040643
12.26619999999999954809
12.48349999999999937472
12.13189999999999990621
12.53850000000000086686
12.32179999999999964189
12.47160000000000046327
12.31160000000000032117
12.21160000000000067644
12.51249999999999928946
12.56380000000000052296
12.23080000000000033822
12.28749999999999964473
12.31240000000000023306
12.53519999999999967599
12.37959999999999993747
12.44180000000000063665
12.34769999999999967599
12.42580000000000062244
12.20390000000000085834
12.37880000000000002558
12.60210000000000007958
12.39690000000000047464
12.51200000000000045475
12.26179999999999914451
12.38349999999999972999
12.38630000000000030980
12.52139999999999986358
12.58050000000000068212
12.49729999999999918714
12.51839999999999974989
12.26479999999999925819
12.32970000000000077023
12.05349999999999965894
12.52919999999999944862
12.63010000000000054854
12.42520000000000024443
12.33590000000000053149
12.30489999999999994884
12.36860000000000070486
12.09769999999999967599
12.15610000000000034959
12.46059999999999945430
12.30080000000000062244
