22.21440000000000125624
22.91039999999999920988
22.91839999999999832880
22.73179999999999978400
22.58399999999999963052
22.63759999999999905640
22.25179999999999935767
22.67599999999999837996
22.74060000000000059117
23.05059999999999931219
22.55359999999999942588
22.63479999999999847660
22.49960000000000093223
22.42379999999999995453
22.50479999999999947136
22.48120000000000118234
22.40540000000000020464
22.63400000000000034106
22.31700000000000017053
22.62740000000000151203
22.38960000000000150067
22.16939999999999955094
22.29339999999999832880
22.33960000000000079012
22.28780000000000072191
22.83620000000000160867
22.38779999999999859028
22.27619999999999933493
22.20820000000000149498
22.09939999999999926672
22.25900000000000034106
22.39179999999999992610
22.66760000000000019327
22.56520000000000081286
22.40380000000000038085
22.41079999999999827764
22.62780000000000057980
22.46000000000000085265
22.55059999999999931219
22.56599999999999894840
22.52220000000000155183
22.60739999999999838565
22.41479999999999961346
22.74899999999999877787
22.60679999999999978400
22.35879999999999867555
22.64000000000000056843
22.48219999999999885176
23.21180000000000021032
22.36720000000000041496
22.39059999999999917009
22.75860000000000127329
22.23679999999999878924
22.40340000000000131308
22.43680000000000163141
22.03480000000000060822
22.89239999999999852776
23.04720000000000013074
22.70820000000000149498
22.33780000000000143245
22.66860000000000141540
22.53160000000000096065
22.34639999999999915303
22.39260000000000161435
22.61580000000000012506
22.40680000000000049454
22.77100000000000079581
22.37699999999999889155
22.53559999999999874376
22.79380000000000094929
22.72640000000000171099
22.39099999999999823785
22.64000000000000056843
22.12160000000000081855
22.10320000000000106866
22.54119999999999990337
22.52159999999999939746
22.77799999999999869260
22.70139999999999957936
22.30760000000000076170
22.42139999999999844249
22.33060000000000044906
22.75260000000000104592
22.65899999999999891998
22.21740000000000136993
22.65840000000000031832
22.53640000000000043201
21.90619999999999834017
23.12300000000000110845
22.34219999999999828333
22.37839999999999918145
22.40840000000000031832
22.39959999999999951115
22.32339999999999946567
22.39440000000000097202
22.39140000000000085834
22.28780000000000072191
22.55880000000000151772
22.61420000000000030127
22.66000000000000014211
