76.25520000000000209184
74.19119999999999492957
75.30400000000000204636
74.10399999999999920419
74.84239999999999781721
74.97679999999999722604
74.43200000000000216005
74.81919999999999504325
75.55360000000000297860
74.33360000000000411546
74.94960000000000377440
75.21200000000000329692
74.47440000000000281943
74.94559999999999888587
74.28400000000000602540
74.69840000000000657110
74.64400000000000545697
75.05039999999999622560
74.70399999999999351985
74.45999999999999374722
74.98239999999999838565
74.80800000000000693490
74.89279999999999404281
74.42239999999999611191
74.14879999999999427018
74.54640000000000554792
75.39520000000000266027
75.30960000000000320597
75.06640000000000156888
75.50239999999999440661
74.83920000000000527507
74.59759999999999990905
74.19679999999999608917
74.75679999999999836291
74.86400000000000432010
74.40240000000000009095
74.28400000000000602540
75.40080000000000381988
74.79359999999999786269
73.92640000000000100044
74.45999999999999374722
75.08719999999999572537
75.00639999999999929514
74.91599999999999681677
75.20480000000000586624
74.35680000000000688942
75.47280000000000654836
75.65680000000000404725
74.68080000000000495675
75.08639999999999758984
74.67839999999999633928
74.84159999999999968168
74.30960000000000320597
75.10160000000000479758
74.80240000000000577529
74.86960000000000547971
75.34720000000000084128
74.77760000000000673026
75.41119999999999379270
74.30079999999999529336
75.08880000000000620730
75.16320000000000334239
74.88639999999999474767
74.14879999999999427018
74.70799999999999840838
74.30719999999999458851
75.01839999999999974989
74.88160000000000593445
74.81040000000000134150
75.00960000000000604814
74.23999999999999488409
74.63360000000000127329
74.77519999999999811280
74.65279999999999915872
74.45919999999999561169
74.67600000000000193268
75.02160000000000650289
75.33839999999999292868
75.02559999999999718057
74.05679999999999552074
74.77039999999999508873
75.09279999999999688498
74.89839999999999520242
74.74960000000000093223
74.93519999999999470219
75.37199999999999988631
75.10960000000000036380
74.81440000000000623004
75.01359999999999672582
75.38240000000000406999
74.57120000000000459295
74.68640000000000611635
75.50879999999999370175
75.08880000000000620730
74.97920000000000584350
74.41920000000000356977
74.32479999999999620286
74.28480000000000416094
75.13599999999999567990
73.93840000000000145519
