90.41899999999999693046
89.19899999999999806732
89.37699999999999533884
90.08100000000000306954
90.73000000000000397904
90.00499999999999545253
89.88299999999999556621
90.17799999999999727152
90.35899999999999465672
90.10999999999999943157
89.36799999999999499778
89.36700000000000443379
90.30500000000000682121
90.24699999999999988631
90.37000000000000454747
89.94599999999999795364
90.59000000000000341061
89.14499999999999602096
90.13200000000000500222
89.67700000000000670752
89.99399999999999977263
89.87099999999999511147
90.21699999999999874944
90.11599999999999965894
90.35899999999999465672
89.41200000000000613909
89.16700000000000159162
90.20600000000000306954
89.51600000000000534328
89.00400000000000488853
89.78600000000000136424
89.60399999999999920419
89.02200000000000557066
89.77599999999999624833
90.04500000000000170530
90.37800000000000011369
90.10800000000000409273
90.30599999999999738520
90.01099999999999567990
90.58400000000000318323
90.23699999999999477041
89.65000000000000568434
90.82899999999999351985
90.11899999999999977263
90.05299999999999727152
90.12399999999999522515
89.42100000000000648015
90.27400000000000090949
89.47700000000000386535
89.27100000000000079581
90.02700000000000102318
90.80100000000000193268
89.76699999999999590727
89.92900000000000204636
89.65800000000000125056
91.30200000000000670752
89.27599999999999624833
90.77500000000000568434
90.63599999999999567990
90.13599999999999567990
90.52800000000000579803
88.94100000000000250111
90.15399999999999636202
89.70799999999999840838
90.32399999999999806732
90.29200000000000159162
89.32099999999999795364
90.12900000000000488853
89.74599999999999511147
89.82599999999999340616
89.11499999999999488409
89.54600000000000648015
89.40099999999999624833
89.55800000000000693490
89.69299999999999783995
90.41800000000000636646
90.09099999999999397460
89.67100000000000648015
91.21500000000000341061
90.05599999999999738520
90.69199999999999306510
89.80500000000000682121
89.89799999999999613465
90.25199999999999533884
89.59799999999999897682
89.27500000000000568434
90.45300000000000295586
90.84099999999999397460
90.17700000000000670752
89.89700000000000557066
89.95300000000000295586
90.54300000000000636646
90.04099999999999681677
89.96299999999999386091
89.73099999999999454303
89.59900000000000375167
89.77500000000000568434
89.69799999999999329248
89.71999999999999886313
89.92300000000000181899
