-4.84250000000000024869
-3.76962500000000000355
-4.00900000000000034106
-3.93837500000000018119
-3.72250000000000014211
-3.43237499999999995381
-3.41462500000000002132
-4.37137499999999956657
-3.75349999999999983658
-3.60124999999999984013
-4.48099999999999987210
-4.28437499999999982236
-4.07425000000000014921
-4.02949999999999963762
-3.76487499999999997158
-3.79274999999999984368
-4.21987500000000004263
-4.17124999999999968026
-4.15549999999999997158
-4.19837500000000041211
-3.50574999999999992184
-3.73799999999999998934
-4.27400000000000002132
-3.73925000000000018474
-3.92375000000000007105
-4.06050000000000022027
-3.58974999999999999645
-3.50212499999999993250
-4.11737500000000000711
-4.75025000000000030553
-4.74000000000000021316
-3.91749999999999998224
-3.79662500000000013856
-3.94324999999999992184
-3.97524999999999995026
-3.43075000000000018829
-4.35437500000000010658
-3.32249999999999978684
-4.57300000000000039790
-4.13124999999999964473
-3.86149999999999993250
-5.14475000000000015632
-4.16862499999999958078
-3.66912500000000019185
-3.85462499999999996803
-5.08037500000000008527
-3.84649999999999980815
-4.01812500000000039080
-3.62449999999999983302
-3.75450000000000017053
-3.38587499999999996803
-4.17412500000000008527
-3.74312500000000003553
-3.98737500000000011369
-3.99612500000000014921
-3.87762500000000009948
-3.54850000000000020961
-3.98950000000000004619
-4.13087499999999963052
-4.12412500000000026290
-3.64937500000000003553
-3.44137499999999985079
-3.93274999999999996803
-4.61787499999999972999
-3.97187499999999982236
-4.23899999999999987921
-3.59100000000000019185
-3.90375000000000005329
-4.59137500000000020606
-3.98012500000000013500
-4.08362499999999961631
-4.06687499999999957367
-3.72849999999999992539
-3.34850000000000003197
-4.23324999999999995737
-4.41712500000000041211
-3.75187500000000007105
-3.83937499999999998224
-3.45037500000000019185
-3.81725000000000003197
-3.62625000000000019540
-4.10850000000000026290
-4.65637499999999970868
-4.21112500000000000711
-3.99212500000000014566
-4.30625000000000035527
-3.71487500000000014921
-4.29324999999999956657
-3.57175000000000020250
-3.80662499999999992539
-4.18337499999999984368
-4.36374999999999957367
-3.97912499999999980105
-3.87237499999999990052
-3.79674999999999984723
-4.05537499999999972999
-3.60637499999999988631
-4.60749999999999992895
-3.93862500000000004263
-4.14074999999999970868
