0.19339999999999998859
0.15479999999999999316
0.27850000000000002531
0.10780000000000000693
0.15060000000000001164
0.27029999999999998472
0.12729999999999999649
0.11300000000000000322
0.27229999999999998650
0.31340000000000001190
0.29639999999999999680
0.20649999999999998912
0.25100000000000000089
0.26050000000000000933
0.11819999999999999951
0.08469999999999999751
0.17330000000000000959
0.21900000000000000022
0.26779999999999998250
0.18770000000000000573
0.11840000000000000524
0.20780000000000001248
0.29120000000000001439
0.24929999999999999383
0.21970000000000000639
0.09170000000000000373
0.16759999999999999898
0.25330000000000002514
0.17139999999999999680
0.08359999999999999376
0.13880000000000000671
0.15179999999999999050
0.17119999999999999107
0.21010000000000000897
0.29099999999999998090
0.18290000000000000702
0.14440000000000000058
0.17840000000000000302
0.16400000000000000688
0.13719999999999998863
0.19909999999999999920
0.20899999999999999134
0.19839999999999999303
0.16700000000000000955
0.20749999999999999001
0.16739999999999999325
0.12540000000000001146
0.09429999999999999494
0.14060000000000000275
0.20799999999999999045
0.13580000000000000404
0.13070000000000001061
0.16789999999999999369
0.12670000000000000706
0.15939999999999998614
0.18549999999999999822
0.17749999999999999112
0.23610000000000000431
0.18390000000000000790
0.19309999999999999387
0.16330000000000000071
0.13150000000000000577
0.15220000000000000195
0.12629999999999999560
0.14260000000000000453
0.22209999999999999187
0.23380000000000000782
0.27720000000000000195
0.20039999999999999480
0.19559999999999999609
0.17660000000000000697
0.20200000000000001288
0.22339999999999998748
0.19059999999999999165
0.12210000000000000020
0.32379999999999997673
0.25280000000000002469
0.12559999999999998943
0.14979999999999998872
0.14289999999999999925
0.17339999999999999858
0.14339999999999999969
0.19079999999999999738
0.27689999999999997948
0.12929999999999999827
0.23449999999999998623
0.11609999999999999487
0.19819999999999998730
0.13200000000000000622
0.10380000000000000338
0.22550000000000000600
0.30840000000000000746
0.12920000000000000928
0.18840000000000001190
0.14560000000000000719
0.17030000000000000693
0.26490000000000002434
0.09940000000000000224
0.20589999999999999969
0.17530000000000001137
