-63.48899999999999721467
-63.37449999999999761258
-63.39450000000000073896
-63.30850000000000221689
-63.37500000000000000000
-63.58800000000000096634
-63.56400000000000005684
-63.28750000000000142109
-63.43750000000000000000
-63.96999999999999886313
-63.24150000000000204636
-63.42799999999999727152
-63.72699999999999675993
-64.29250000000000397904
-63.19200000000000017053
-63.64200000000000301270
-62.82999999999999829470
-63.54899999999999948841
-63.83599999999999852207
-63.37199999999999988631
-63.27850000000000108002
-63.58850000000000335376
-62.84150000000000346745
-63.35900000000000176215
-63.13349999999999795364
-63.61650000000000204636
-63.28750000000000142109
-63.31400000000000005684
-63.91100000000000136424
-63.70000000000000284217
-63.59850000000000136424
-62.84700000000000130740
-63.42349999999999710099
-63.30599999999999738520
-63.39900000000000090949
-63.66349999999999909051
-62.96249999999999857891
-63.63900000000000289901
-63.05749999999999744205
-63.61500000000000198952
-63.32699999999999818101
-63.98850000000000193268
-63.66749999999999687361
-63.65550000000000352429
-63.07399999999999806732
-63.65299999999999869260
-63.00549999999999783995
-63.68999999999999772626
-63.92949999999999732836
-63.62800000000000011369
-63.24349999999999738520
-63.00900000000000034106
-62.76650000000000062528
-63.09550000000000125056
-64.13899999999999579359
-62.96300000000000096634
-63.22200000000000130740
-63.66100000000000136424
-63.17699999999999960210
-63.13750000000000284217
-63.36999999999999744205
-62.96050000000000324007
-63.57500000000000284217
-63.02750000000000341061
-63.51899999999999835154
-63.31700000000000017053
-63.57150000000000034106
-63.19650000000000034106
-63.56649999999999778311
-62.95100000000000051159
-63.13499999999999801048
-63.01350000000000051159
-63.63850000000000051159
-63.55349999999999965894
-63.89350000000000306954
-63.26749999999999829470
-63.46949999999999647571
-63.32399999999999806732
-63.72149999999999891998
-63.50849999999999795364
-63.53000000000000113687
-63.59000000000000341061
-63.27400000000000090949
-63.58400000000000318323
-63.29249999999999687361
-63.64300000000000068212
-63.27499999999999857891
-62.99249999999999971578
-63.39150000000000062528
-63.31049999999999755573
-63.28600000000000136424
-63.35300000000000153477
-63.13049999999999783995
-63.42799999999999727152
-63.66299999999999670308
-63.22650000000000147793
-63.99649999999999749889
-63.30199999999999960210
-63.67649999999999721467
-63.10900000000000176215
