-62.66850000000000164846
-62.90550000000000352429
-62.68399999999999749889
-63.25399999999999778311
-63.13600000000000278533
-63.57650000000000289901
-62.93800000000000238742
-62.90950000000000130740
-63.17349999999999710099
-63.50549999999999783995
-62.64050000000000295586
-62.82699999999999818101
-62.80649999999999977263
-63.17399999999999948841
-62.89249999999999829470
-63.30250000000000198952
-63.21750000000000113687
-63.02199999999999846523
-63.30299999999999727152
-63.10000000000000142109
-63.19800000000000039790
-63.35349999999999681677
-63.31649999999999778311
-63.54849999999999710099
-62.92549999999999954525
-63.14999999999999857891
-62.86849999999999738520
-63.06600000000000250111
-63.58650000000000090949
-63.30250000000000198952
-63.01700000000000301270
-63.01899999999999835154
-63.86999999999999744205
-63.32800000000000295586
-63.44050000000000011369
-63.14399999999999835154
-63.17949999999999732836
-63.39300000000000068212
-62.95349999999999823785
-63.42049999999999698730
-63.50350000000000250111
-63.42600000000000193268
-63.31600000000000250111
-63.58100000000000306954
-63.45600000000000306954
-63.08850000000000335376
-63.13199999999999789679
-63.02700000000000102318
-63.73299999999999698730
-62.97050000000000125056
-63.18699999999999761258
-62.61249999999999715783
-63.18099999999999738520
-62.74849999999999994316
-63.15449999999999874944
-63.59000000000000341061
-63.07150000000000034106
-63.97950000000000159162
-63.39350000000000306954
-63.20150000000000289901
-62.82450000000000045475
-63.52600000000000335376
-62.83850000000000335376
-63.31400000000000005684
-63.14099999999999823785
-62.99699999999999988631
-63.17150000000000176215
-63.30700000000000216005
-62.79500000000000170530
-63.13000000000000255795
-62.60699999999999931788
-63.53750000000000142109
-63.84100000000000108002
-62.98149999999999693046
-63.24549999999999982947
-63.19449999999999789679
-63.17699999999999960210
-63.44449999999999789679
-63.07600000000000051159
-62.89249999999999829470
-63.10600000000000164846
-63.54800000000000181899
-63.04249999999999687361
-63.14900000000000090949
-63.20700000000000073896
-62.76950000000000073896
-63.65250000000000341061
-63.60399999999999920419
-63.48649999999999948841
-63.38550000000000039790
-63.15449999999999874944
-63.41299999999999670308
-63.29249999999999687361
-62.99949999999999761258
-62.75900000000000034106
-63.11950000000000216005
-62.92999999999999971578
-63.49199999999999732836
-62.87500000000000000000
-63.26850000000000306954
