-63.32300000000000039790
-63.16499999999999914735
-63.07950000000000301270
-63.23649999999999948841
-63.30649999999999977263
-62.79599999999999937472
-62.59799999999999897682
-63.15650000000000119371
-63.00200000000000244427
-62.91299999999999670308
-63.38850000000000051159
-62.76149999999999806732
-62.39350000000000306954
-63.18149999999999977263
-62.78750000000000142109
-63.37100000000000221689
-63.17249999999999943157
-63.09250000000000113687
-63.57050000000000267164
-62.97449999999999903366
-62.82200000000000272848
-62.88100000000000022737
-62.82249999999999801048
-63.28249999999999886313
-62.82950000000000301270
-62.83550000000000324007
-62.71699999999999874944
-63.06700000000000017053
-62.73649999999999948841
-63.09449999999999647571
-63.06349999999999766942
-63.16599999999999681677
-62.87299999999999755573
-62.57750000000000056843
-63.07300000000000039790
-62.59049999999999869260
-63.49399999999999977263
-63.27499999999999857891
-63.06250000000000000000
-63.32200000000000272848
-63.47650000000000147793
-63.06649999999999778311
-63.24450000000000216005
-62.62650000000000005684
-63.07350000000000278533
-62.86449999999999960210
-62.83449999999999846523
-62.72950000000000159162
-63.31300000000000238742
-62.61299999999999954525
-62.94599999999999795364
-63.22200000000000130740
-62.81450000000000244427
-62.55049999999999954525
-63.14200000000000301270
-62.90550000000000352429
-63.02799999999999869260
-62.98799999999999954525
-62.81099999999999994316
-63.28499999999999658939
-62.91700000000000159162
-62.44050000000000011369
-63.05199999999999960210
-62.82699999999999818101
-63.32099999999999795364
-62.96699999999999874944
-63.09899999999999664624
-63.03000000000000113687
-62.97950000000000159162
-64.00950000000000272848
-62.89500000000000312639
-62.98850000000000193268
-63.01749999999999829470
-63.00050000000000238742
-63.22549999999999670308
-63.02300000000000324007
-62.82699999999999818101
-63.20750000000000312639
-63.30649999999999977263
-63.04800000000000181899
-62.97650000000000147793
-62.97699999999999675993
-63.12950000000000017053
-63.02949999999999874944
-63.02799999999999869260
-62.88949999999999818101
-62.89099999999999823785
-63.08449999999999846523
-63.26599999999999823785
-63.09199999999999874944
-63.41700000000000159162
-63.27049999999999840838
-62.81300000000000238742
-63.43900000000000005684
-63.05550000000000210321
-63.04999999999999715783
-62.57750000000000056843
-63.62400000000000233058
-63.17000000000000170530
-63.09850000000000136424
