-63.74150000000000204636
-63.51350000000000051159
-64.19249999999999545253
-63.72099999999999653255
-63.37550000000000238742
-63.87199999999999988631
-63.43699999999999761258
-62.77400000000000090949
-63.48700000000000187583
-63.56750000000000255795
-63.70349999999999823785
-63.54699999999999704414
-63.61800000000000210321
-63.41649999999999920419
-63.30349999999999965894
-63.18599999999999994316
-63.79699999999999704414
-63.60199999999999675993
-63.97950000000000159162
-63.20300000000000295586
-62.98299999999999698730
-63.06349999999999766942
-63.08899999999999863576
-62.55799999999999982947
-63.45949999999999846523
-63.06250000000000000000
-63.78000000000000113687
-63.38600000000000278533
-63.35799999999999698730
-62.76850000000000306954
-63.00150000000000005684
-63.37599999999999766942
-63.42199999999999704414
-63.90100000000000335376
-63.74900000000000233058
-63.84799999999999897682
-63.94700000000000272848
-63.42549999999999954525
-63.53300000000000125056
-63.23049999999999926104
-63.22149999999999891998
-63.83350000000000079581
-63.10349999999999681677
-63.52649999999999863576
-63.57900000000000062528
-63.36999999999999744205
-63.34199999999999874944
-63.34199999999999874944
-63.68900000000000005684
-63.69650000000000034106
-63.81150000000000233058
-63.51350000000000051159
-63.33350000000000079581
-63.74799999999999755573
-63.49300000000000210321
-62.97849999999999681677
-63.14849999999999852207
-63.43350000000000221689
-63.35349999999999681677
-63.40250000000000341061
-63.37650000000000005684
-63.82699999999999818101
-63.86200000000000187583
-63.16799999999999926104
-63.15200000000000102318
-63.26749999999999829470
-63.59449999999999647571
-63.47050000000000125056
-62.94149999999999778311
-63.11050000000000181899
-63.56199999999999761258
-63.72699999999999675993
-63.22200000000000130740
-63.37149999999999749889
-63.05850000000000221689
-63.32150000000000034106
-63.47999999999999687361
-63.31700000000000017053
-63.59949999999999903366
-63.45450000000000301270
-63.64849999999999852207
-63.57750000000000056843
-64.51699999999999590727
-62.94149999999999778311
-63.65350000000000108002
-63.47599999999999909051
-63.68800000000000238742
-63.19950000000000045475
-63.45450000000000301270
-63.20300000000000295586
-63.59300000000000352429
-63.87650000000000005684
-62.90999999999999658939
-63.33599999999999852207
-63.88349999999999795364
-63.77150000000000318323
-63.10799999999999698730
-62.91449999999999675993
-63.53699999999999903366
-63.45100000000000051159
