0.71360000000000001208
0.74080000000000001403
0.69840000000000002078
0.67920000000000002593
0.65520000000000000462
0.81520000000000003570
0.66320000000000001172
0.76880000000000003890
0.66879999999999995008
0.70399999999999995914
0.79200000000000003730
0.67679999999999995719
0.72160000000000001918
0.78159999999999996145
0.70720000000000005080
0.69999999999999995559
0.71360000000000001208
0.82560000000000000053
0.71919999999999995044
0.71440000000000003499
0.80479999999999995985
0.75200000000000000178
0.68400000000000005240
0.65680000000000005045
0.71440000000000003499
0.69040000000000001368
0.77600000000000002309
0.66479999999999994653
0.66959999999999997300
0.74160000000000003695
0.67840000000000000302
0.75200000000000000178
0.80240000000000000213
0.74560000000000004050
0.75039999999999995595
0.74560000000000004050
0.70960000000000000853
0.76239999999999996660
0.80959999999999998632
0.69520000000000004015
0.68559999999999998721
0.77439999999999997726
0.71120000000000005436
0.75360000000000004761
0.64239999999999997105
0.76959999999999995079
0.69520000000000004015
0.81200000000000005507
0.73360000000000002984
0.68720000000000003304
0.75680000000000002824
0.71760000000000001563
0.73519999999999996465
0.69279999999999997140
0.73919999999999996820
0.68320000000000002949
0.69199999999999994849
0.68159999999999998366
0.70240000000000002434
0.75439999999999995950
0.79679999999999995275
0.73760000000000003340
0.83599999999999996536
0.76559999999999994724
0.73040000000000004921
0.73360000000000002984
0.75600000000000000533
0.70720000000000005080
0.81440000000000001279
0.73599999999999998757
0.72560000000000002274
0.65200000000000002398
0.67120000000000001883
0.77359999999999995435
0.72560000000000002274
0.72880000000000000338
0.81279999999999996696
0.71360000000000001208
0.70320000000000004725
0.66559999999999996945
0.70479999999999998206
0.68320000000000002949
0.73440000000000005276
0.66479999999999994653
0.78159999999999996145
0.76000000000000000888
0.73280000000000000693
0.77680000000000004601
0.77680000000000004601
0.68879999999999996785
0.64239999999999997105
0.66559999999999996945
0.76319999999999998952
0.76480000000000003535
0.71360000000000001208
0.71999999999999997335
0.68720000000000003304
0.69920000000000004370
0.67840000000000000302
0.77759999999999995790
