0.70650000000000001688
0.78569999999999995399
0.71460000000000001297
0.73980000000000001315
0.68040000000000000480
0.75509999999999999343
0.65700000000000002842
0.67679999999999995719
0.74339999999999994973
0.77759999999999995790
0.79020000000000001350
0.71999999999999997335
0.75600000000000000533
0.70379999999999998117
0.69659999999999999698
0.76500000000000001332
0.74070000000000002505
0.72450000000000003286
0.70109999999999994547
0.74429999999999996163
0.65969999999999995310
0.68669999999999997708
0.66239999999999998881
0.70740000000000002878
0.75600000000000000533
0.73799999999999998934
0.66420000000000001261
0.67679999999999995719
0.71640000000000003677
0.72899999999999998135
0.65249999999999996891
0.71009999999999995346
0.69569999999999998508
0.70379999999999998117
0.67139999999999999680
0.65610000000000001652
0.75329999999999996962
0.73529999999999995364
0.77849999999999996980
0.64980000000000004423
0.64170000000000004814
0.75239999999999995772
0.71819999999999994955
0.68310000000000004050
0.59309999999999996056
0.74250000000000004885
0.77039999999999997371
0.66510000000000002451
0.68489999999999995328
0.65520000000000000462
0.63900000000000001243
0.74160000000000003695
0.67679999999999995719
0.77759999999999995790
0.66600000000000003642
0.73080000000000000515
0.77219999999999999751
0.76410000000000000142
0.73440000000000005276
0.73170000000000001705
0.67769999999999996909
0.72540000000000004476
0.71460000000000001297
0.76590000000000002522
0.59130000000000004778
0.67500000000000004441
0.73980000000000001315
0.70650000000000001688
0.73980000000000001315
0.68400000000000005240
0.73440000000000005276
0.73080000000000000515
0.66869999999999996110
0.74070000000000002505
0.75780000000000002913
0.70289999999999996927
0.70560000000000000497
0.67320000000000002061
0.77939999999999998170
0.64890000000000003233
0.72809999999999996945
0.78390000000000004121
0.64080000000000003624
0.71189999999999997726
0.70289999999999996927
0.74609999999999998543
0.70740000000000002878
0.71819999999999994955
0.66330000000000000071
0.69299999999999994937
0.63629999999999997673
0.71009999999999995346
0.72719999999999995755
0.76680000000000003713
0.65429999999999999272
0.70109999999999994547
0.65339999999999998082
0.59760000000000002007
0.74070000000000002505
0.64529999999999998472
