0.00000000000000000000
0.00000000000000000000
0.00000000000000000000
0.00000000000000000000
-49.99999999999999289457
0.00000000000000000000
0.00000000000000000000
0.00000000000000000000
-49.99999999999999289457
0.00000000000000000000
0.00000000000000000000
0.00000000000000000000
0.00000000000000000000
0.00000000000000000000
0.00000000000000000000
-49.99999999999999289457
-49.99999999999999289457
0.00000000000000000000
0.00000000000000000000
0.00000000000000000000
0.00000000000000000000
0.00000000000000000000
-49.99999999999999289457
0.00000000000000000000
0.00000000000000000000
-49.99999999999999289457
0.00000000000000000000
-99.99999999999998578915
0.00000000000000000000
-49.99999999999999289457
0.00000000000000000000
0.00000000000000000000
0.00000000000000000000
0.00000000000000000000
-149.99999999999997157829
0.00000000000000000000
0.00000000000000000000
0.00000000000000000000
0.00000000000000000000
-49.99999999999999289457
0.00000000000000000000
-49.99999999999999289457
-49.99999999999999289457
0.00000000000000000000
0.00000000000000000000
-149.99999999999997157829
-149.99999999999997157829
-299.99999999999994315658
0.00000000000000000000
0.00000000000000000000
-49.99999999999999289457
0.00000000000000000000
0.00000000000000000000
-49.99999999999999289457
-49.99999999999999289457
0.00000000000000000000
-49.99999999999999289457
0.00000000000000000000
0.00000000000000000000
0.00000000000000000000
0.00000000000000000000
0.00000000000000000000
0.00000000000000000000
0.00000000000000000000
0.00000000000000000000
-49.99999999999999289457
-49.99999999999999289457
0.00000000000000000000
0.00000000000000000000
0.00000000000000000000
0.00000000000000000000
0.00000000000000000000
0.00000000000000000000
-99.99999999999998578915
-99.99999999999998578915
0.00000000000000000000
0.00000000000000000000
0.00000000000000000000
-49.99999999999999289457
0.00000000000000000000
-49.99999999999999289457
0.00000000000000000000
-49.99999999999999289457
-49.99999999999999289457
0.00000000000000000000
0.00000000000000000000
0.00000000000000000000
0.00000000000000000000
0.00000000000000000000
-99.99999999999998578915
0.00000000000000000000
0.00000000000000000000
-99.99999999999998578915
0.00000000000000000000
0.00000000000000000000
0.00000000000000000000
0.00000000000000000000
0.00000000000000000000
-99.99999999999998578915
0.00000000000000000000
