10.41370000000000040075
10.04049999999999975842
10.04609999999999914166
10.09290000000000020464
10.07000000000000028422
10.11720000000000041496
10.24200000000000088107
10.24179999999999957083
10.28289999999999970726
10.15399999999999991473
9.99210000000000064801
10.09880000000000066507
10.15300000000000046896
10.17750000000000021316
10.12729999999999996874
10.28839999999999932356
10.04560000000000030695
10.18520000000000003126
10.22269999999999967599
10.15370000000000061391
10.23789999999999977831
9.97230000000000060822
10.27369999999999983231
10.11200000000000009948
10.19960000000000022169
10.05499999999999971578
10.24619999999999997442
10.11050000000000004263
10.15479999999999982663
10.14899999999999913314
10.19689999999999940883
10.28650000000000019895
10.17759999999999998010
10.08270000000000088392
10.05269999999999974705
10.08859999999999956799
10.22029999999999994031
10.12160000000000081855
10.21429999999999971294
10.26110000000000077591
9.86009999999999919851
10.30259999999999998010
10.20260000000000033538
10.12439999999999962199
10.28659999999999996589
10.19800000000000039790
10.10609999999999963904
10.14419999999999966178
9.95379999999999931504
10.02210000000000000853
10.39480000000000003979
10.22439999999999926672
10.08370000000000032969
10.04390000000000071623
10.06719999999999970441
10.11090000000000088676
9.99649999999999927525
10.14230000000000053717
10.09290000000000020464
10.24760000000000026432
10.26060000000000016485
10.19009999999999926956
10.18229999999999968452
10.31349999999999944578
10.05749999999999921840
10.09709999999999929798
10.07649999999999934630
10.21809999999999973852
10.20390000000000085834
10.18619999999999947704
10.17999999999999971578
10.19790000000000063096
10.34490000000000087255
10.09060000000000023590
10.21059999999999945430
10.19839999999999946567
10.33360000000000056275
10.32629999999999981242
10.06939999999999990621
10.08559999999999945430
10.41179999999999949978
10.16789999999999949409
10.23719999999999963336
10.21720000000000005969
10.14819999999999922125
10.08290000000000041780
10.09370000000000011653
9.93459999999999965326
10.20770000000000088392
10.11120000000000018758
10.34370000000000011653
10.10720000000000062812
10.16479999999999961346
10.00539999999999984936
10.13470000000000048601
10.08810000000000073328
10.09660000000000046327
10.12369999999999947704
9.99080000000000012506
10.08409999999999939746
