-63.36899999999999977263
-63.92799999999999727152
-63.25650000000000261480
-63.37199999999999988631
-63.34100000000000108002
-63.64500000000000312639
-63.81550000000000011369
-63.25999999999999801048
-63.28399999999999891998
-63.23649999999999948841
-63.26599999999999823785
-63.71600000000000108002
-63.86500000000000198952
-63.49249999999999971578
-63.65550000000000352429
-63.41949999999999931788
-63.95450000000000301270
-63.20799999999999840838
-63.34000000000000341061
-63.93900000000000005684
-62.82999999999999829470
-63.84349999999999880629
-63.93399999999999749889
-63.40449999999999874944
-63.40350000000000108002
-63.38100000000000022737
-63.60999999999999943157
-63.72599999999999909051
-64.01550000000000295586
-63.53249999999999886313
-63.51599999999999823785
-63.37149999999999749889
-63.60999999999999943157
-63.59000000000000341061
-63.68699999999999761258
-63.67949999999999732836
-63.53050000000000352429
-63.04500000000000170530
-63.71800000000000352429
-63.38049999999999783995
-63.96600000000000108002
-63.89050000000000295586
-63.85699999999999931788
-64.11899999999999977263
-63.39450000000000073896
-63.23349999999999937472
-63.89050000000000295586
-63.38250000000000028422
-63.40800000000000125056
-63.29699999999999704414
-63.40749999999999886313
-63.71500000000000341061
-62.80449999999999732836
-63.95450000000000301270
-63.74099999999999965894
-63.31250000000000000000
-63.52649999999999863576
-63.86849999999999738520
-63.34649999999999891998
-63.68750000000000000000
-63.65800000000000125056
-63.39450000000000073896
-63.77750000000000341061
-63.21500000000000341061
-64.04399999999999693046
-63.86099999999999710099
-63.84749999999999658939
-63.64099999999999823785
-64.01449999999999818101
-63.35699999999999931788
-63.77400000000000090949
-63.53300000000000125056
-63.49450000000000216005
-64.06499999999999772626
-63.95450000000000301270
-63.53150000000000119371
-63.73700000000000187583
-64.05100000000000193268
-64.03400000000000602540
-63.64249999999999829470
-63.65200000000000102318
-64.11799999999999499778
-64.06850000000000022737
-63.55850000000000221689
-63.30799999999999982947
-63.16449999999999675993
-63.09300000000000352429
-63.63949999999999818101
-64.13349999999999795364
-63.67450000000000187583
-63.36749999999999971578
-63.65100000000000335376
-63.41149999999999664624
-63.46450000000000102318
-64.02299999999999613465
-63.23899999999999721467
-63.45750000000000312639
-63.99649999999999749889
-63.20100000000000051159
-63.22350000000000136424
