-63.78799999999999670308
-63.11449999999999960210
-63.18800000000000238742
-63.56550000000000011369
-63.18549999999999755573
-63.21249999999999857891
-63.42150000000000176215
-63.36599999999999965894
-62.67099999999999937472
-62.72449999999999903366
-63.32950000000000301270
-62.67450000000000187583
-63.25099999999999766942
-62.90449999999999874944
-63.56949999999999789679
-62.91349999999999909051
-62.84649999999999891998
-63.44449999999999789679
-63.34649999999999891998
-63.87650000000000005684
-63.00600000000000022737
-63.01250000000000284217
-63.35450000000000159162
-63.21050000000000324007
-63.01350000000000051159
-63.28949999999999675993
-63.26250000000000284217
-63.17150000000000176215
-63.16299999999999670308
-63.09000000000000341061
-63.55599999999999738520
-63.24049999999999727152
-63.31499999999999772626
-63.37449999999999761258
-62.99499999999999744205
-62.87550000000000238742
-63.04650000000000176215
-63.02550000000000096634
-62.91799999999999926104
-63.39849999999999852207
-63.44800000000000039790
-63.09700000000000130740
-63.06199999999999761258
-63.18500000000000227374
-63.72950000000000159162
-63.14450000000000073896
-63.14150000000000062528
-63.52300000000000324007
-63.80299999999999727152
-63.34850000000000136424
-63.21399999999999863576
-62.72899999999999920419
-63.04249999999999687361
-62.85399999999999920419
-63.06000000000000227374
-62.99750000000000227374
-63.24649999999999749889
-63.73299999999999698730
-62.92949999999999732836
-63.91299999999999670308
-63.31400000000000005684
-63.50950000000000272848
-63.03249999999999886313
-63.41349999999999909051
-63.13100000000000022737
-62.28949999999999675993
-63.19350000000000022737
-63.32450000000000045475
-62.87950000000000017053
-63.53349999999999653255
-63.57950000000000301270
-63.04099999999999681677
-63.38649999999999806732
-63.29899999999999948841
-63.19050000000000011369
-63.99249999999999971578
-63.68050000000000210321
-63.74949999999999761258
-63.23550000000000181899
-63.21650000000000346745
-62.97249999999999658939
-62.77799999999999869260
-63.15200000000000102318
-63.29999999999999715783
-63.72099999999999653255
-63.14200000000000301270
-63.10600000000000164846
-63.21300000000000096634
-63.18650000000000233058
-63.17699999999999960210
-62.91100000000000136424
-63.18950000000000244427
-62.88850000000000051159
-63.07350000000000278533
-63.35849999999999937472
-63.76749999999999829470
-62.93200000000000216005
-63.08250000000000312639
-63.04950000000000187583
-63.36299999999999954525
