-63.77649999999999863576
-63.25050000000000238742
-63.66499999999999914735
-63.58200000000000073896
-62.95799999999999840838
-63.80700000000000216005
-62.98400000000000176215
-63.64500000000000312639
-63.55149999999999721467
-63.85000000000000142109
-63.63949999999999818101
-62.79299999999999926104
-63.84449999999999647571
-63.40400000000000346745
-63.51400000000000289901
-63.73749999999999715783
-63.11050000000000181899
-63.27499999999999857891
-63.28949999999999675993
-63.33500000000000085265
-63.00450000000000017053
-63.71600000000000108002
-63.81649999999999778311
-63.66449999999999675993
-63.61599999999999965894
-63.32999999999999829470
-63.59250000000000113687
-63.76400000000000289901
-63.35549999999999926104
-63.31150000000000233058
-63.12899999999999778311
-63.72549999999999670308
-62.84400000000000119371
-63.46849999999999880629
-63.60450000000000159162
-63.38799999999999812417
-63.56450000000000244427
-63.96050000000000324007
-63.32500000000000284217
-63.62650000000000005684
-62.80899999999999749889
-63.71099999999999852207
-63.70949999999999846523
-63.70949999999999846523
-63.67649999999999721467
-63.61399999999999721467
-63.37449999999999761258
-63.93999999999999772626
-63.34749999999999658939
-63.52750000000000341061
-63.49300000000000210321
-63.44100000000000250111
-63.33700000000000329692
-63.68900000000000005684
-63.59049999999999869260
-63.66100000000000136424
-63.27799999999999869260
-63.56799999999999783995
-63.72200000000000130740
-63.79099999999999681677
-63.60999999999999943157
-63.75699999999999789679
-63.42999999999999971578
-63.59150000000000346745
-63.84599999999999653255
-63.76250000000000284217
-63.18350000000000221689
-63.89150000000000062528
-63.74649999999999749889
-63.28399999999999891998
-63.67249999999999943157
-63.84349999999999880629
-63.28949999999999675993
-63.65250000000000341061
-63.07399999999999806732
-63.22299999999999897682
-63.57300000000000039790
-63.33449999999999846523
-63.36299999999999954525
-63.75999999999999801048
-64.17350000000000420641
-63.49799999999999755573
-63.29299999999999926104
-63.62500000000000000000
-63.72500000000000142109
-63.35450000000000159162
-63.40749999999999886313
-63.16499999999999914735
-63.33500000000000085265
-63.87550000000000238742
-63.07699999999999818101
-63.58800000000000096634
-63.73499999999999943157
-63.98499999999999943157
-63.33800000000000096634
-63.79899999999999948841
-63.49900000000000233058
-63.02900000000000346745
-63.31000000000000227374
-63.64249999999999829470
