0.78000000000000002665
0.69420000000000003926
0.72240000000000004210
0.79620000000000001883
0.75539999999999996039
0.78000000000000002665
0.79439999999999999503
0.85319999999999995843
0.75900000000000000799
0.80820000000000002949
0.73680000000000001048
0.69359999999999999432
0.75239999999999995772
0.74399999999999999467
0.69540000000000001812
0.74160000000000003695
0.68999999999999994671
0.72719999999999995755
0.75060000000000004494
0.73019999999999996021
0.74639999999999995239
0.70740000000000002878
0.74280000000000001581
0.72599999999999997868
0.71340000000000003411
0.76559999999999994724
0.69179999999999997051
0.78959999999999996856
0.81059999999999998721
0.74339999999999994973
0.71579999999999999183
0.73199999999999998401
0.81599999999999994760
0.77339999999999997637
0.71040000000000003144
0.78420000000000000817
0.75839999999999996305
0.83099999999999996092
0.81420000000000003482
0.81000000000000005329
0.82379999999999997673
0.67859999999999998099
0.74039999999999994706
0.74339999999999994973
0.78959999999999996856
0.69959999999999999964
0.71220000000000005524
0.75239999999999995772
0.78420000000000000817
0.76259999999999994458
0.75000000000000000000
0.73380000000000000782
0.71879999999999999449
0.80879999999999996341
0.73680000000000001048
0.77219999999999999751
0.75480000000000002647
0.76380000000000003446
0.73260000000000002895
0.70440000000000002611
0.74699999999999999734
0.71579999999999999183
0.73499999999999998668
0.69720000000000004192
0.77280000000000004245
0.70079999999999997851
0.71999999999999997335
0.77580000000000004512
0.70799999999999996270
0.73919999999999996820
0.75780000000000002913
0.71579999999999999183
0.74460000000000003961
0.71099999999999996536
0.72419999999999995488
0.78000000000000002665
0.66180000000000005489
0.78839999999999998970
0.76259999999999994458
0.81059999999999998721
0.78120000000000000551
0.74699999999999999734
0.77039999999999997371
0.78059999999999996056
0.79559999999999997389
0.67920000000000002593
0.75000000000000000000
0.78059999999999996056
0.83040000000000002700
0.71399999999999996803
0.73319999999999996287
0.73799999999999998934
0.72660000000000002363
0.75119999999999997886
0.76559999999999994724
0.82560000000000000053
0.72899999999999998135
0.76200000000000001066
0.80520000000000002682
0.73799999999999998934
