0.73550000000000004263
0.73899999999999999023
0.73250000000000003997
0.67349999999999998757
0.68899999999999994582
0.75149999999999994582
0.73099999999999998312
0.75049999999999994493
0.73599999999999998757
0.70350000000000001421
0.80100000000000004530
0.76900000000000001688
0.76349999999999995648
0.77500000000000002220
0.76300000000000001155
0.74899999999999999911
0.69450000000000000622
0.76300000000000001155
0.72199999999999997513
0.66900000000000003908
0.69950000000000001066
0.75500000000000000444
0.71899999999999997247
0.71650000000000002576
0.77249999999999996447
0.74450000000000005063
0.70650000000000001688
0.77349999999999996536
0.80249999999999999112
0.76500000000000001332
0.73450000000000004174
0.73499999999999998668
0.74699999999999999734
0.71550000000000002487
0.78500000000000003109
0.70699999999999996181
0.79100000000000003642
0.75000000000000000000
0.74350000000000004974
0.75100000000000000089
0.83899999999999996803
0.72250000000000003109
0.75600000000000000533
0.78049999999999997158
0.73550000000000004263
0.73799999999999998934
0.73150000000000003908
0.77500000000000002220
0.74050000000000004707
0.71199999999999996625
0.78649999999999997691
0.69850000000000000977
0.76949999999999996181
0.84250000000000002665
0.73150000000000003908
0.74499999999999999556
0.71250000000000002220
0.78049999999999997158
0.80649999999999999467
0.74250000000000004885
0.74799999999999999822
0.78249999999999997335
0.73599999999999998757
0.77749999999999996891
0.74899999999999999911
0.70199999999999995737
0.71250000000000002220
0.75600000000000000533
0.72399999999999997691
0.74550000000000005151
0.77749999999999996891
0.78600000000000003197
0.70450000000000001510
0.68549999999999999822
0.70699999999999996181
0.74599999999999999645
0.74250000000000004885
0.75049999999999994493
0.75100000000000000089
0.71599999999999996980
0.74799999999999999822
0.74050000000000004707
0.73699999999999998845
0.79100000000000003642
0.73099999999999998312
0.73399999999999998579
0.72350000000000003197
0.74850000000000005418
0.74299999999999999378
0.76949999999999996181
0.72399999999999997691
0.77700000000000002398
0.75400000000000000355
0.76500000000000001332
0.73399999999999998579
0.75500000000000000444
0.77249999999999996447
0.71450000000000002398
0.76749999999999996003
0.87299999999999999822
