0.76559999999999994724
0.77920000000000000373
0.75919999999999998597
0.70120000000000004547
0.70760000000000000675
0.75719999999999998419
0.72640000000000004565
0.70520000000000004903
0.75319999999999998064
0.74199999999999999289
0.71079999999999998739
0.77239999999999997549
0.75080000000000002292
0.72760000000000002451
0.73080000000000000515
0.71279999999999998916
0.75000000000000000000
0.79279999999999994920
0.70320000000000004725
0.74519999999999997353
0.73399999999999998579
0.68999999999999994671
0.77480000000000004423
0.75239999999999995772
0.73880000000000001226
0.73640000000000005453
0.71840000000000003855
0.74439999999999995062
0.68479999999999996430
0.73440000000000005276
0.76160000000000005471
0.78159999999999996145
0.65600000000000002753
0.72560000000000002274
0.72160000000000001918
0.68600000000000005418
0.68879999999999996785
0.78200000000000002842
0.73960000000000003517
0.72640000000000004565
0.78120000000000000551
0.72599999999999997868
0.72079999999999999627
0.75039999999999995595
0.70360000000000000320
0.73399999999999998579
0.74639999999999995239
0.69199999999999994849
0.74680000000000001936
0.69520000000000004015
0.75280000000000002469
0.75800000000000000711
0.72360000000000002096
0.72760000000000002451
0.72680000000000000160
0.73480000000000000870
0.70599999999999996092
0.71399999999999996803
0.71799999999999997158
0.68279999999999996252
0.77439999999999997726
0.76680000000000003713
0.77920000000000000373
0.79320000000000001616
0.72760000000000002451
0.68999999999999994671
0.73880000000000001226
0.79559999999999997389
0.71240000000000003322
0.71560000000000001386
0.79159999999999997033
0.75160000000000004583
0.73760000000000003340
0.77639999999999997904
0.71799999999999997158
0.74599999999999999645
0.69720000000000004192
0.79039999999999999147
0.72479999999999999982
0.75560000000000004938
0.74080000000000001403
0.74360000000000003872
0.70320000000000004725
0.76160000000000005471
0.65680000000000005045
0.71199999999999996625
0.69720000000000004192
0.73839999999999994529
0.72479999999999999982
0.68679999999999996607
0.70920000000000005258
0.80359999999999998099
0.78839999999999998970
0.68040000000000000480
0.74319999999999997176
0.71560000000000001386
0.74960000000000004405
0.75239999999999995772
0.77520000000000000018
0.72999999999999998224
