0.75949999999999995293
0.83999999999999996891
0.73990000000000000213
0.71750000000000002665
0.71960000000000001741
0.70279999999999998028
0.78190000000000003944
0.75880000000000003002
0.71399999999999996803
0.76790000000000002700
0.72099999999999997424
0.71189999999999997726
0.75529999999999997140
0.77769999999999994689
0.69650000000000000799
0.73360000000000002984
0.74690000000000000835
0.76929999999999998384
0.74970000000000003304
0.73289999999999999591
0.77910000000000001474
0.69650000000000000799
0.67759999999999998010
0.76019999999999998685
0.80569999999999997176
0.68389999999999995239
0.72660000000000002363
0.80010000000000003340
0.74199999999999999289
0.69930000000000003268
0.74829999999999996518
0.73499999999999998668
0.76929999999999998384
0.69859999999999999876
0.76719999999999999307
0.65380000000000004778
0.75390000000000001457
0.75180000000000002380
0.69859999999999999876
0.81410000000000004583
0.70979999999999998650
0.65380000000000004778
0.69789999999999996483
0.73709999999999997744
0.76229999999999997762
0.69579999999999997407
0.76019999999999998685
0.80359999999999998099
0.74829999999999996518
0.70209999999999994635
0.79449999999999998401
0.76929999999999998384
0.77980000000000004867
0.79449999999999998401
0.71470000000000000195
0.78680000000000005489
0.70209999999999994635
0.74619999999999997442
0.75039999999999995595
0.79379999999999995008
0.65239999999999997993
0.78469999999999995310
0.68249999999999999556
0.70069999999999998952
0.74199999999999999289
0.75319999999999998064
0.68740000000000001101
0.73850000000000004530
0.68179999999999996163
0.84770000000000000906
0.76300000000000001155
0.72870000000000001439
0.72099999999999997424
0.75600000000000000533
0.80430000000000001492
0.73570000000000002061
0.71470000000000000195
0.69369999999999998330
0.78890000000000004565
0.74550000000000005151
0.73990000000000000213
0.77000000000000001776
0.70140000000000002345
0.74899999999999999911
0.74339999999999994973
0.74480000000000001759
0.76439999999999996838
0.75460000000000004849
0.78120000000000000551
0.71889999999999998348
0.70069999999999998952
0.71609999999999995879
0.71609999999999995879
0.79100000000000003642
0.80640000000000000568
0.75949999999999995293
0.78680000000000005489
0.73570000000000002061
0.72940000000000004832
0.76439999999999996838
