0.68400000000000005240
0.78300000000000002931
0.66300000000000003375
0.69999999999999995559
0.71299999999999996714
0.77700000000000002398
0.77700000000000002398
0.71099999999999996536
0.68899999999999994582
0.67600000000000004530
0.73499999999999998668
0.64200000000000001510
0.65200000000000002398
0.67600000000000004530
0.69899999999999995470
0.71199999999999996625
0.54400000000000003908
0.73399999999999998579
0.65700000000000002842
0.68000000000000004885
0.66600000000000003642
0.66700000000000003730
0.74199999999999999289
0.76700000000000001510
0.61399999999999999023
0.64500000000000001776
0.63800000000000001155
0.65900000000000003020
0.76400000000000001243
0.60099999999999997868
0.62299999999999999822
0.65600000000000002753
0.70499999999999996003
0.68600000000000005418
0.75900000000000000799
0.68700000000000005507
0.62199999999999999734
0.67300000000000004263
0.72699999999999997957
0.71999999999999997335
0.59399999999999997247
0.66700000000000003730
0.69799999999999995381
0.58099999999999996092
0.72599999999999997868
0.67700000000000004619
0.70799999999999996270
0.70299999999999995826
0.76300000000000001155
0.71299999999999996714
0.65900000000000003020
0.71299999999999996714
0.68400000000000005240
0.60999999999999998668
0.62500000000000000000
0.67400000000000004352
0.73099999999999998312
0.65500000000000002665
0.66700000000000003730
0.76200000000000001066
0.72599999999999997868
0.77700000000000002398
0.66600000000000003642
0.69399999999999995026
0.71599999999999996980
0.61799999999999999378
0.71099999999999996536
0.69499999999999995115
0.81599999999999994760
0.66000000000000003109
0.62800000000000000266
0.72199999999999997513
0.68100000000000004974
0.60399999999999998135
0.66600000000000003642
0.73599999999999998757
0.69899999999999995470
0.78100000000000002753
0.70499999999999996003
0.67700000000000004619
0.68700000000000005507
0.68500000000000005329
0.71999999999999997335
0.71999999999999997335
0.64100000000000001421
0.72899999999999998135
0.67600000000000004530
0.65800000000000002931
0.62299999999999999822
0.71199999999999996625
0.68000000000000004885
0.73899999999999999023
0.67000000000000003997
0.68600000000000005418
0.57299999999999995381
0.64800000000000002043
0.64000000000000001332
0.65400000000000002576
0.72999999999999998224
0.65500000000000002665
