-14.67200000000000059686
-14.54199999999999981526
-14.76950000000000073896
-13.87049999999999982947
-14.33249999999999957367
-14.36800000000000032685
-14.32150000000000034106
-13.70650000000000012790
-14.44449999999999967315
-13.94650000000000034106
-13.93950000000000066791
-14.08300000000000018474
-14.14450000000000073896
-14.79049999999999975842
-14.89600000000000079581
-13.37650000000000005684
-14.27999999999999936051
-13.85749999999999992895
-14.01099999999999923261
-14.89100000000000001421
-14.13250000000000028422
-14.23499999999999943157
-14.52549999999999918998
-14.18900000000000005684
-14.25300000000000011369
-14.84750000000000014211
-14.55199999999999960210
-14.57450000000000045475
-13.95100000000000051159
-14.52549999999999918998
-14.14000000000000056843
-14.79800000000000004263
-14.01249999999999928946
-15.23249999999999992895
-14.46149999999999913314
-14.08200000000000073896
-14.45400000000000062528
-14.08249999999999957367
-14.07699999999999995737
-13.49349999999999916156
-14.25050000000000061107
-14.36449999999999960210
-14.43849999999999944578
-14.22749999999999914735
-14.28350000000000008527
-13.59849999999999958789
-14.43999999999999950262
-14.33450000000000024158
-14.28299999999999947420
-14.56049999999999933209
-14.51099999999999923261
-14.22899999999999920419
-13.63449999999999917577
-13.73900000000000076739
-13.87299999999999933209
-14.39649999999999963052
-14.33450000000000024158
-14.51149999999999984368
-14.19449999999999967315
-14.72899999999999920419
-14.55100000000000015632
-14.00450000000000017053
-14.15049999999999918998
-14.18699999999999938893
-14.14600000000000079581
-14.51200000000000045475
-14.56150000000000055422
-13.84149999999999991473
-14.33399999999999963052
-14.03400000000000069633
-14.95049999999999990052
-14.57750000000000056843
-14.70149999999999934630
-14.13649999999999984368
-14.27999999999999936051
-14.31799999999999961631
-14.53749999999999964473
-14.45899999999999963052
-14.24849999999999994316
-14.22850000000000036948
-14.32000000000000028422
-13.66399999999999970157
-13.77350000000000029843
-14.71149999999999913314
-14.34549999999999947420
-14.01149999999999984368
-14.17999999999999971578
-14.07000000000000028422
-13.91499999999999914735
-13.92249999999999943157
-14.04250000000000042633
-14.02250000000000085265
-14.42650000000000076739
-14.68599999999999994316
-14.15300000000000046896
-14.55049999999999954525
-14.27250000000000085265
-14.13850000000000051159
-14.04950000000000009948
-14.20650000000000012790
