-21.59900000000000019895
-21.93499999999999872102
-21.97500000000000142109
-21.63050000000000139266
-22.12000000000000099476
-21.68149999999999977263
-21.32799999999999940314
-21.53099999999999880629
-21.72100000000000008527
-22.03450000000000130740
-21.69500000000000028422
-22.19200000000000017053
-21.90350000000000108002
-21.82100000000000150635
-22.10399999999999920419
-21.54400000000000048317
-22.12750000000000127898
-22.00100000000000122213
-21.78999999999999914735
-22.28049999999999997158
-21.97100000000000008527
-21.60950000000000059686
-20.98300000000000054001
-21.89649999999999963052
-21.63899999999999934630
-21.89499999999999957367
-21.87450000000000116529
-21.35800000000000054001
-21.95449999999999945999
-22.24549999999999982947
-21.68299999999999982947
-21.56749999999999900524
-21.99500000000000099476
-22.19000000000000127898
-21.92299999999999826628
-21.73549999999999826628
-21.59450000000000002842
-22.03000000000000113687
-22.06299999999999883471
-21.86199999999999832312
-21.10699999999999931788
-22.43750000000000000000
-22.01450000000000173372
-22.23349999999999937472
-22.32199999999999917577
-21.75550000000000139266
-21.59900000000000019895
-21.82999999999999829470
-21.78300000000000125056
-21.89750000000000085265
-21.91300000000000025580
-21.88950000000000173372
-21.54350000000000164846
-21.21900000000000119371
-21.26749999999999829470
-21.94099999999999894840
-21.82900000000000062528
-21.91100000000000136424
-21.88899999999999934630
-22.16750000000000042633
-21.52749999999999985789
-21.99050000000000082423
-21.77599999999999980105
-21.21950000000000002842
-21.90050000000000096634
-21.85950000000000059686
-21.75499999999999900524
-22.68149999999999977263
-22.26699999999999945999
-22.28000000000000113687
-21.98049999999999926104
-22.31550000000000011369
-21.84100000000000108002
-21.58999999999999985789
-22.03099999999999880629
-22.13449999999999917577
-22.06599999999999894840
-21.99650000000000105160
-21.76599999999999823785
-21.99699999999999988631
-21.81299999999999883471
-21.74149999999999849365
-21.81700000000000017053
-22.28399999999999891998
-22.10500000000000042633
-21.48450000000000059686
-21.88500000000000156319
-21.93550000000000110845
-21.90599999999999880629
-21.77899999999999991473
-22.08200000000000073896
-21.38200000000000144951
-21.68049999999999855049
-22.15050000000000096634
-22.32049999999999911893
-21.49849999999999994316
-21.44099999999999894840
-21.61299999999999954525
-21.86850000000000093792
-21.68799999999999883471
