-17.58099999999999951683
-17.88899999999999934630
-17.43299999999999982947
-17.59550000000000125056
-17.58200000000000073896
-17.83699999999999974420
-17.93799999999999883471
-18.32900000000000062528
-17.38599999999999923261
-17.47250000000000014211
-17.89499999999999957367
-17.87549999999999883471
-18.21349999999999980105
-17.74599999999999866418
-17.51699999999999945999
-17.76650000000000062528
-17.68349999999999866418
-17.32999999999999829470
-17.62500000000000000000
-18.18499999999999872102
-17.28600000000000136424
-17.83800000000000096634
-18.22700000000000031264
-18.21750000000000113687
-17.54500000000000170530
-17.79749999999999943157
-17.80349999999999965894
-17.98150000000000048317
-17.74299999999999855049
-17.48349999999999937472
-17.62399999999999877787
-17.65350000000000108002
-17.87249999999999872102
-17.86100000000000065370
-17.67899999999999849365
-17.89949999999999974420
-17.53800000000000025580
-17.70349999999999823785
-17.46999999999999886313
-18.01200000000000045475
-17.60549999999999926104
-17.40650000000000119371
-17.68199999999999860734
-17.70799999999999840838
-17.47700000000000031264
-17.26300000000000167688
-17.19150000000000133582
-18.13449999999999917577
-17.36949999999999860734
-17.56200000000000116529
-17.94500000000000028422
-16.98250000000000170530
-18.13550000000000039790
-17.53150000000000119371
-17.45649999999999835154
-18.61850000000000093792
-18.07100000000000150635
-17.56200000000000116529
-17.50700000000000144951
-17.62349999999999994316
-18.44150000000000133582
-17.50000000000000000000
-17.87549999999999883471
-17.27049999999999840838
-18.15549999999999997158
-17.94950000000000045475
-17.95349999999999823785
-17.61250000000000071054
-17.95850000000000079581
-17.92399999999999948841
-18.24449999999999860734
-17.42350000000000065370
-17.67849999999999965894
-18.10500000000000042633
-17.54299999999999926104
-17.19249999999999900524
-17.64750000000000085265
-17.61550000000000082423
-17.83999999999999985789
-17.53900000000000147793
-17.55450000000000088107
-17.70299999999999940314
-18.20550000000000068212
-17.87900000000000133582
-17.74599999999999866418
-17.49249999999999971578
-17.24299999999999855049
-17.40050000000000096634
-17.35999999999999943157
-18.07150000000000034106
-18.04599999999999937472
-17.52799999999999869260
-18.32450000000000045475
-17.66450000000000031264
-18.02349999999999852207
-17.76000000000000156319
-16.99599999999999866418
-17.76249999999999928946
-17.41649999999999920419
-17.47100000000000008527
