-22.95749999999999957367
-22.56950000000000144951
-22.62950000000000017053
-22.90249999999999985789
-23.48450000000000059686
-22.56250000000000000000
-22.61299999999999954525
-23.06850000000000022737
-22.54700000000000059686
-22.82349999999999923261
-22.45550000000000068212
-22.97149999999999891998
-22.92500000000000071054
-22.77850000000000108002
-22.74650000000000105160
-23.01999999999999957367
-23.90500000000000113687
-22.80349999999999965894
-22.15549999999999997158
-22.33599999999999852207
-22.86749999999999971578
-22.75949999999999917577
-22.96049999999999968736
-22.63749999999999928946
-22.76050000000000039790
-22.55150000000000076739
-22.58749999999999857891
-22.98150000000000048317
-23.00949999999999917577
-23.08899999999999863576
-22.52250000000000085265
-23.12300000000000110845
-23.01749999999999829470
-23.14099999999999823785
-22.54500000000000170530
-22.91199999999999903366
-22.58800000000000096634
-23.21199999999999974420
-22.89600000000000079581
-22.92099999999999937472
-22.40800000000000125056
-22.78800000000000025580
-22.66150000000000019895
-22.62999999999999900524
-23.01650000000000062528
-22.87099999999999866418
-22.59199999999999874944
-23.33399999999999963052
-23.25049999999999883471
-23.32849999999999823785
-22.89049999999999940314
-22.41799999999999926104
-22.70050000000000167688
-23.01000000000000156319
-23.20149999999999934630
-23.01200000000000045475
-22.53000000000000113687
-22.87049999999999982947
-22.81050000000000110845
-23.05799999999999982947
-23.00100000000000122213
-21.95349999999999823785
-22.54799999999999826628
-22.85450000000000159162
-22.54650000000000176215
-23.20050000000000167688
-22.88850000000000051159
-23.16049999999999897682
-23.02049999999999840838
-23.30799999999999982947
-23.07999999999999829470
-22.58099999999999951683
-22.92749999999999843681
-22.69450000000000144951
-22.90950000000000130740
-22.71950000000000002842
-23.36749999999999971578
-22.67200000000000059686
-22.69099999999999894840
-23.26200000000000045475
-23.10800000000000054001
-22.50199999999999889155
-22.57150000000000034106
-23.22850000000000036948
-23.08449999999999846523
-22.92849999999999965894
-22.96199999999999974420
-22.76699999999999945999
-23.59750000000000014211
-22.67399999999999948841
-22.88899999999999934630
-23.35350000000000036948
-22.67699999999999960210
-22.81250000000000000000
-23.26200000000000045475
-23.50300000000000011369
-22.95349999999999823785
-23.01200000000000045475
-22.68900000000000005684
-22.91949999999999931788
