-12.58949999999999924682
-12.36100000000000065370
-12.83000000000000007105
-12.49349999999999916156
-12.41399999999999970157
-12.78449999999999953104
-12.62250000000000049738
-12.63550000000000039790
-12.63749999999999928946
-12.08900000000000041211
-12.75949999999999917577
-12.73150000000000048317
-12.88250000000000028422
-12.53749999999999964473
-12.67750000000000021316
-11.76849999999999951683
-12.69500000000000028422
-12.61100000000000065370
-11.69950000000000045475
-12.78049999999999997158
-12.50999999999999978684
-11.89750000000000085265
-12.64799999999999968736
-12.97799999999999975842
-12.65300000000000046896
-12.95950000000000024158
-12.20749999999999957367
-11.72499999999999964473
-12.12950000000000017053
-12.65150000000000041211
-12.77350000000000029843
-12.51699999999999945999
-12.42249999999999943157
-13.40649999999999941735
-12.39600000000000079581
-12.54899999999999948841
-12.43800000000000061107
-12.39400000000000012790
-12.62899999999999955946
-12.55700000000000038369
-11.26299999999999990052
-13.70749999999999957367
-12.45250000000000056843
-12.62700000000000066791
-12.13599999999999923261
-12.36650000000000027001
-11.96599999999999930367
-12.54649999999999998579
-12.61200000000000009948
-12.45049999999999990052
-12.59149999999999991473
-13.33999999999999985789
-12.52299999999999968736
-12.59999999999999964473
-12.35999999999999943157
-12.94849999999999923261
-12.45449999999999945999
-12.39499999999999957367
-12.51699999999999945999
-12.43950000000000066791
-12.85549999999999926104
-12.26200000000000045475
-12.42650000000000076739
-12.44650000000000034106
-12.27399999999999913314
-12.80700000000000038369
-13.27100000000000079581
-12.48099999999999987210
-12.41900000000000048317
-12.39349999999999951683
-12.57450000000000045475
-12.70500000000000007105
-12.94849999999999923261
-12.76099999999999923261
-12.03999999999999914735
-12.55150000000000076739
-12.42149999999999998579
-12.85449999999999981526
-12.23049999999999926104
-12.84350000000000058265
-12.23799999999999954525
-12.97250000000000014211
-12.66499999999999914735
-13.26249999999999928946
-12.26249999999999928946
-12.34099999999999930367
-12.89750000000000085265
-12.24549999999999982947
-12.75300000000000011369
-13.11700000000000088107
-13.29449999999999931788
-12.82450000000000045475
-12.81250000000000000000
-12.96700000000000052580
-12.36100000000000065370
-12.68350000000000044054
-12.62199999999999988631
-12.51449999999999995737
-12.94250000000000078160
-12.58900000000000041211
