10.45850000000000079581
10.24849999999999994316
10.56000000000000049738
10.44200000000000017053
10.46149999999999913314
10.58300000000000018474
10.62400000000000055422
10.79950000000000009948
10.24699999999999988631
10.40150000000000041211
10.36200000000000009948
10.86500000000000021316
10.27449999999999974420
10.43950000000000066791
10.56049999999999933209
10.33249999999999957367
10.39750000000000085265
10.20749999999999957367
10.35149999999999970157
10.33200000000000073896
10.15049999999999918998
10.23649999999999948841
10.38749999999999928946
10.59450000000000002842
10.71000000000000085265
10.22899999999999920419
10.52599999999999980105
10.39250000000000007105
10.63700000000000045475
10.43849999999999944578
10.26699999999999945999
10.34050000000000046896
10.33099999999999951683
10.29800000000000004263
10.37449999999999938893
10.38250000000000028422
10.27999999999999936051
10.24499999999999921840
10.53599999999999958789
10.06499999999999950262
10.43800000000000061107
10.51050000000000039790
10.43950000000000066791
10.27200000000000024158
10.53950000000000031264
10.62550000000000061107
10.11999999999999921840
10.30400000000000027001
10.81099999999999994316
10.28149999999999941735
10.50949999999999917577
10.55250000000000021316
10.45950000000000024158
10.68549999999999933209
10.54749999999999943157
10.20749999999999957367
10.41849999999999987210
10.43599999999999994316
10.39799999999999968736
10.65249999999999985789
10.37400000000000055422
10.34600000000000008527
10.55599999999999916156
10.46049999999999968736
10.52200000000000024158
10.44599999999999972999
10.17500000000000071054
10.24949999999999938893
10.42650000000000076739
10.47550000000000025580
10.51849999999999951683
10.25699999999999967315
10.50849999999999972999
10.39250000000000007105
10.45850000000000079581
10.58099999999999951683
10.49549999999999982947
10.62599999999999944578
10.22400000000000019895
10.30000000000000071054
10.69299999999999961631
10.60350000000000036948
10.41200000000000081002
10.51600000000000001421
10.53950000000000031264
10.35800000000000054001
10.23750000000000071054
10.51299999999999990052
10.28650000000000019895
10.71499999999999985789
10.64600000000000079581
10.43099999999999916156
10.40199999999999924682
10.62449999999999938893
10.54100000000000036948
10.43500000000000049738
10.43449999999999988631
10.25099999999999944578
10.27299999999999968736
10.25799999999999911893
