7.81740000000000012648
7.65090000000000003411
7.74000000000000021316
7.86150000000000037659
7.78319999999999989626
7.81470000000000020179
7.87410000000000032117
7.63379999999999991900
7.91009999999999990905
7.50330000000000030269
7.65359999999999995879
7.74899999999999966604
7.61040000000000027569
8.18999999999999950262
7.82010000000000005116
7.23869999999999969020
7.90559999999999973852
7.67699999999999960210
7.19639999999999968594
8.24489999999999945146
7.56449999999999977973
7.61399999999999987921
7.33140000000000036096
7.98120000000000029416
7.58249999999999957367
7.98209999999999997300
7.88400000000000034106
7.38809999999999966747
7.58159999999999989484
7.73190000000000043912
8.04240000000000065938
7.65359999999999995879
7.70220000000000037943
8.13870000000000004547
7.73369999999999979678
7.78500000000000014211
7.73819999999999996732
7.61040000000000027569
7.89569999999999971863
7.65990000000000037517
6.83819999999999961204
7.89480000000000003979
8.03969999999999984652
8.07479999999999975557
8.23949999999999960210
7.68960000000000043485
7.76069999999999993179
7.65990000000000037517
7.71570000000000000284
7.58790000000000031122
8.25389999999999979252
8.14860000000000006537
7.50870000000000015206
8.21429999999999971294
7.97670000000000012363
7.94249999999999989342
7.75079999999999991189
7.72740000000000026859
7.78950000000000031264
7.94610000000000038511
8.23590000000000088676
7.65449999999999963762
7.89029999999999986926
7.96680000000000010374
7.69589999999999996305
7.69050000000000011369
7.90289999999999981384
7.43670000000000008811
7.63560000000000016485
7.82460000000000022169
7.45920000000000005258
7.78139999999999965041
8.09820000000000028706
7.89839999999999964331
7.40069999999999961204
8.35650000000000048317
7.78770000000000006679
8.19899999999999984368
7.52759999999999962483
7.65179999999999971294
7.19099999999999983658
7.85970000000000013074
7.45650000000000012790
8.17290000000000027569
7.84529999999999994031
7.64010000000000033538
7.83629999999999959925
7.46459999999999990195
7.87500000000000000000
7.72020000000000017337
8.29260000000000019327
7.77240000000000019753
7.97219999999999995310
7.80299999999999993605
7.79309999999999991616
8.07569999999999943441
8.11350000000000015632
7.55550000000000032685
8.33939999999999947988
7.76970000000000027285
