4.24680000000000035243
4.23800000000000043343
4.33769999999999988916
4.20690000000000008384
4.20790000000000041780
4.28779999999999983373
4.15240000000000009095
4.24420000000000019469
4.38590000000000035385
4.30550000000000032685
4.38980000000000014637
4.30729999999999968452
4.33819999999999961204
4.27609999999999956799
4.17110000000000002984
4.26630000000000020322
4.39240000000000030411
4.25499999999999989342
4.20769999999999999574
4.27650000000000041211
4.30930000000000035243
4.28110000000000034959
4.35050000000000025580
4.20429999999999992610
4.39449999999999985079
4.17220000000000013074
4.27350000000000029843
4.30759999999999987352
4.32639999999999957936
4.34609999999999985221
4.29030000000000022453
4.16990000000000016200
4.36169999999999991047
4.16870000000000029416
4.36270000000000024443
4.36289999999999977831
4.23010000000000019327
4.32150000000000034106
4.35440000000000004832
4.28000000000000024869
4.39630000000000009663
4.32260000000000044196
4.17269999999999985363
4.41399999999999970157
4.35970000000000013074
4.32530000000000036664
4.35939999999999994174
4.30999999999999960920
4.30590000000000028280
4.29929999999999967741
4.29659999999999975273
4.27639999999999975699
4.26609999999999978115
4.25380000000000002558
4.28509999999999990905
4.23829999999999973426
4.18759999999999976694
4.42809999999999970299
4.21590000000000042490
4.29319999999999968310
4.20840000000000014069
4.25969999999999959783
4.19610000000000038511
4.38510000000000044196
4.25670000000000037232
4.22579999999999955662
4.36709999999999975984
4.33570000000000010942
4.32420000000000026574
4.34719999999999995310
4.28749999999999964473
4.29290000000000038227
4.25750000000000028422
4.36500000000000021316
4.22069999999999989626
4.31550000000000011369
4.37800000000000011369
4.24830000000000040927
4.30869999999999997442
4.32819999999999982521
4.31759999999999966036
4.28720000000000034390
4.39780000000000015348
4.31649999999999955946
4.36990000000000033964
4.23139999999999982805
4.28080000000000016058
4.26100000000000012079
4.25589999999999957225
4.30670000000000019469
4.26649999999999973710
4.26349999999999962341
4.34140000000000014779
4.37140000000000039648
4.17269999999999985363
4.27139999999999986358
4.33480000000000043059
4.15000000000000035527
4.30719999999999991758
4.28429999999999999716
