6.36699999999999999289
6.39799999999999968736
7.08300000000000018474
6.37999999999999989342
6.41399999999999970157
6.48800000000000043343
6.90700000000000002842
6.74099999999999965894
6.61699999999999999289
6.76199999999999956657
6.83300000000000018474
6.59999999999999964473
6.34900000000000019895
6.31200000000000027711
7.38100000000000022737
6.55299999999999993605
7.25600000000000022737
6.50699999999999967315
6.61599999999999965894
6.66899999999999959499
6.82899999999999973710
6.53399999999999980815
6.67300000000000004263
6.47599999999999997868
6.88799999999999990052
7.02599999999999980105
6.51100000000000012079
6.90899999999999980815
6.55199999999999960210
6.44500000000000028422
6.26299999999999990052
6.44200000000000017053
6.70899999999999963052
7.32699999999999995737
6.62500000000000000000
6.47799999999999975842
6.28800000000000025580
6.97499999999999964473
6.59400000000000030553
6.49800000000000022027
6.75199999999999977973
6.46400000000000041211
6.30900000000000016342
6.93100000000000004974
6.49399999999999977263
6.66000000000000014211
6.28899999999999970157
6.97299999999999986500
6.41899999999999959499
6.21900000000000030553
6.41300000000000025580
7.05299999999999993605
6.85200000000000031264
6.28699999999999992184
6.43200000000000038369
6.92300000000000004263
6.56200000000000027711
6.54800000000000004263
6.54900000000000037659
6.23500000000000031974
6.46600000000000019185
7.05299999999999993605
6.62199999999999988631
6.42300000000000004263
6.78099999999999969447
7.09600000000000008527
6.08800000000000007816
6.54000000000000003553
6.23500000000000031974
6.63699999999999956657
6.25499999999999989342
6.30400000000000027001
6.83399999999999963052
6.91300000000000025580
6.12399999999999966604
6.22299999999999986500
6.59100000000000019185
6.42400000000000037659
6.72200000000000041922
6.98899999999999987921
6.28399999999999980815
6.50600000000000022737
7.37600000000000033396
6.46400000000000041211
6.36899999999999977263
6.57399999999999984368
6.48700000000000009948
6.46199999999999974420
6.44899999999999984368
6.98099999999999987210
6.37600000000000033396
7.04699999999999970868
6.74000000000000021316
6.13699999999999956657
6.57899999999999973710
7.00699999999999967315
7.09100000000000019185
6.59600000000000008527
6.66999999999999992895
7.14900000000000002132
