9.96759999999999912745
9.74039999999999928093
10.07479999999999975557
9.81279999999999930083
9.96640000000000014779
9.70759999999999934062
10.06119999999999947704
9.73879999999999945715
10.04879999999999995453
9.89760000000000061959
9.74239999999999994884
9.78079999999999927240
9.75159999999999982379
9.83520000000000038654
9.94359999999999999432
9.75159999999999982379
10.00040000000000084412
9.57399999999999984368
10.02319999999999922125
9.82680000000000042348
9.57719999999999949125
9.78560000000000052012
9.58600000000000029843
10.06479999999999996874
10.08600000000000029843
9.68399999999999927525
9.96320000000000050022
9.98639999999999972147
9.80840000000000067359
9.82080000000000019611
9.97359999999999935483
9.95079999999999920135
9.87800000000000011369
9.65760000000000040643
9.78640000000000043201
9.92559999999999931219
9.86560000000000059117
9.92319999999999957652
9.95640000000000036096
9.63799999999999990052
9.76319999999999943441
9.69560000000000066223
9.80039999999999977831
9.84919999999999973284
9.54279999999999972715
9.60440000000000004832
9.73359999999999914166
9.98639999999999972147
9.96840000000000081570
9.95400000000000062528
9.53560000000000052012
9.67759999999999998010
9.45199999999999995737
9.76399999999999934630
9.67919999999999980389
9.76120000000000054285
9.77560000000000073328
9.64840000000000053149
9.81039999999999956515
9.66360000000000063380
9.89680000000000070770
9.74920000000000008811
9.75880000000000080718
9.80119999999999969020
9.68399999999999927525
10.17319999999999957652
9.72840000000000060254
9.86480000000000067928
9.89639999999999986358
9.83360000000000056275
9.86679999999999957083
9.81240000000000023306
9.90559999999999973852
9.96359999999999956799
9.98160000000000025011
9.81160000000000032117
9.92120000000000068496
9.80400000000000027001
9.79840000000000088676
9.53480000000000060822
9.65600000000000058265
9.64719999999999977547
9.99479999999999968452
9.70040000000000013358
9.64160000000000039222
9.91960000000000086118
9.81840000000000046043
9.79959999999999986642
9.80920000000000058549
9.97320000000000028706
9.70519999999999960494
9.84159999999999968168
9.96439999999999947988
9.71359999999999956799
9.94679999999999964189
9.75479999999999947136
9.71640000000000014779
9.67919999999999980389
9.86560000000000059117
9.70800000000000018474
