10.23259999999999969589
9.49619999999999997442
9.91409999999999946851
10.02539999999999942304
9.88959999999999972431
9.90850000000000008527
9.96310000000000073328
9.95819999999999971863
9.87420000000000008811
10.38170000000000037232
10.16750000000000042633
10.14930000000000021032
9.75169999999999959073
10.32360000000000077591
10.08910000000000017906
9.95609999999999928377
9.88679999999999914451
9.52979999999999982663
9.81610000000000049170
9.79509999999999969589
9.83990000000000009095
10.22560000000000002274
10.03309999999999924114
9.99319999999999986073
9.99879999999999924398
10.22349999999999958789
10.22000000000000063949
9.77059999999999995168
9.87069999999999936335
9.87630000000000052296
9.92530000000000001137
9.98269999999999946283
10.04989999999999916724
9.71739999999999959357
10.06879999999999952820
9.96100000000000029843
9.72579999999999955662
10.02960000000000029274
10.20809999999999995168
9.93159999999999953957
9.73840000000000038938
9.93299999999999982947
9.85459999999999958220
10.16119999999999912177
9.60679999999999978400
9.84970000000000034390
9.80419999999999980389
10.16890000000000071623
10.09329999999999927240
9.88679999999999914451
10.15070000000000050022
9.54870000000000018758
9.89520000000000088392
9.79720000000000013074
9.95120000000000004547
10.07230000000000025295
9.98969999999999913598
9.79369999999999940599
9.52420000000000044338
10.53919999999999923546
10.35790000000000077307
9.95889999999999986358
9.76290000000000013358
9.85810000000000030695
9.96799999999999997158
10.11079999999999934346
9.79649999999999998579
10.26619999999999954809
9.94839999999999946567
10.49019999999999974705
9.58580000000000076454
9.98199999999999931788
9.99530000000000029559
9.97639999999999993463
9.43599999999999994316
10.13879999999999981242
10.12270000000000003126
9.93999999999999950262
10.45659999999999989484
10.07160000000000010800
10.59730000000000060822
9.76779999999999937188
10.19899999999999984368
10.17730000000000067928
9.80489999999999994884
9.85459999999999958220
9.93299999999999982947
10.10379999999999967031
10.01350000000000051159
9.72860000000000013642
9.80560000000000009379
9.85880000000000045191
9.72579999999999955662
10.14860000000000006537
9.78110000000000034959
9.92249999999999943157
10.19480000000000075033
9.67329999999999934346
9.73070000000000057128
10.10449999999999981526
