-14.95100000000000051159
-14.77899999999999991473
-14.74549999999999982947
-14.72850000000000036948
-14.53650000000000019895
-14.71449999999999924682
-14.59549999999999947420
-14.68399999999999927525
-14.71000000000000085265
-14.77050000000000018474
-14.90499999999999936051
-14.70449999999999945999
-14.56400000000000005684
-14.56750000000000078160
-14.82199999999999917577
-15.24949999999999938893
-14.67650000000000076739
-14.97349999999999958789
-14.93549999999999933209
-14.87299999999999933209
-14.71449999999999924682
-14.52999999999999936051
-14.40600000000000058265
-14.54749999999999943157
-14.95199999999999995737
-14.78800000000000025580
-14.83150000000000012790
-14.81750000000000078160
-14.59699999999999953104
-15.03749999999999964473
-14.68750000000000000000
-14.77250000000000085265
-14.98399999999999998579
-15.06300000000000061107
-14.64799999999999968736
-14.90150000000000041211
-14.73900000000000076739
-14.88899999999999934630
-14.79449999999999931788
-14.43299999999999982947
-14.80400000000000027001
-14.65349999999999930367
-14.56700000000000017053
-14.84750000000000014211
-14.98049999999999926104
-14.92800000000000082423
-14.91949999999999931788
-15.00549999999999961631
-14.63949999999999995737
-14.53599999999999958789
-14.98049999999999926104
-14.40499999999999936051
-14.77749999999999985789
-14.41150000000000019895
-14.85100000000000086686
-14.53999999999999914735
-14.71499999999999985789
-15.08799999999999918998
-14.68350000000000044054
-15.00450000000000017053
-14.75150000000000005684
-15.00949999999999917577
-14.85249999999999914735
-14.71250000000000035527
-14.69500000000000028422
-15.38100000000000022737
-14.66549999999999975842
-14.92900000000000027001
-15.01950000000000073896
-14.60350000000000036948
-14.48850000000000015632
-14.68849999999999944578
-14.56349999999999944578
-14.86449999999999960210
-14.84399999999999941735
-14.87250000000000049738
-14.81199999999999938893
-14.63349999999999972999
-14.38199999999999967315
-14.81850000000000022737
-14.44500000000000028422
-14.79299999999999926104
-14.69449999999999967315
-14.88649999999999984368
-14.80649999999999977263
-14.51399999999999934630
-14.95049999999999990052
-14.72450000000000081002
-14.56949999999999967315
-15.02849999999999930367
-14.72499999999999964473
-14.79850000000000065370
-14.39850000000000029843
-14.64550000000000018474
-14.57300000000000039790
-14.55550000000000032685
-14.59200000000000052580
-14.98199999999999931788
-14.64150000000000062528
-14.76500000000000056843
