-14.94650000000000034106
-15.24050000000000082423
-15.26699999999999945999
-14.94500000000000028422
-15.44749999999999978684
-14.99750000000000049738
-15.20250000000000056843
-15.32850000000000001421
-15.28800000000000025580
-15.26950000000000073896
-15.30300000000000082423
-15.09699999999999953104
-15.43549999999999933209
-15.04700000000000059686
-15.13000000000000078160
-15.21250000000000035527
-15.41300000000000025580
-15.23399999999999998579
-15.35249999999999914735
-15.11350000000000015632
-15.11449999999999960210
-15.08300000000000018474
-15.24150000000000027001
-15.44250000000000078160
-14.84900000000000019895
-14.67849999999999965894
-15.10849999999999937472
-15.30300000000000082423
-15.10999999999999943157
-15.12850000000000072475
-15.18500000000000049738
-14.91499999999999914735
-15.15349999999999930367
-15.29599999999999937472
-15.04100000000000036948
-15.30250000000000021316
-15.10299999999999975842
-15.12049999999999982947
-15.33399999999999963052
-14.83699999999999974420
-15.18449999999999988631
-14.90300000000000046896
-15.43299999999999982947
-15.21899999999999941735
-15.23700000000000009948
-15.24349999999999916156
-14.93500000000000049738
-14.99649999999999927525
-15.34549999999999947420
-15.59099999999999930367
-15.13449999999999917577
-15.12199999999999988631
-15.30700000000000038369
-15.13949999999999995737
-15.10950000000000059686
-15.24000000000000021316
-15.49849999999999994316
-15.17999999999999971578
-15.07349999999999923261
-14.69250000000000078160
-15.16200000000000081002
-14.89049999999999940314
-15.06000000000000049738
-15.43249999999999921840
-15.03650000000000019895
-15.25300000000000011369
-14.97749999999999914735
-15.48799999999999954525
-14.96250000000000035527
-15.17399999999999948841
-15.14150000000000062528
-15.06300000000000061107
-15.20850000000000079581
-15.39150000000000062528
-15.01999999999999957367
-14.88199999999999967315
-14.87349999999999994316
-15.10500000000000042633
-15.13799999999999990052
-15.51900000000000012790
-15.02899999999999991473
-15.14250000000000007105
-14.73900000000000076739
-15.27449999999999974420
-15.23000000000000042633
-14.99900000000000055422
-15.35999999999999943157
-15.39499999999999957367
-15.48850000000000015632
-15.30450000000000088107
-15.38899999999999934630
-14.82199999999999917577
-15.31099999999999994316
-15.09600000000000008527
-15.25600000000000022737
-15.17549999999999954525
-15.10249999999999914735
-15.30199999999999960210
-15.21400000000000041211
-15.42549999999999954525
