-12.66300000000000025580
-12.88949999999999995737
-12.56349999999999944578
-12.87149999999999927525
-13.02899999999999991473
-12.99399999999999977263
-12.70650000000000012790
-12.64100000000000001421
-12.96649999999999991473
-12.64899999999999913314
-12.82699999999999995737
-12.65099999999999980105
-12.89100000000000001421
-12.93249999999999921840
-12.60800000000000054001
-12.84600000000000008527
-12.56700000000000017053
-13.05400000000000027001
-13.00200000000000066791
-12.84699999999999953104
-12.90199999999999924682
-12.88400000000000034106
-12.77250000000000085265
-12.51750000000000007105
-12.71950000000000002842
-13.01449999999999995737
-12.97049999999999947420
-12.84399999999999941735
-12.39949999999999974420
-13.04550000000000054001
-12.90750000000000063949
-12.61449999999999960210
-12.95299999999999940314
-12.65300000000000046896
-12.75799999999999911893
-12.84900000000000019895
-13.01200000000000045475
-12.98349999999999937472
-12.59399999999999941735
-12.73649999999999948841
-13.01750000000000007105
-12.65499999999999936051
-12.80300000000000082423
-12.73450000000000059686
-12.37449999999999938893
-12.69549999999999911893
-13.05799999999999982947
-12.36849999999999916156
-12.69050000000000011369
-12.85050000000000025580
-12.94350000000000022737
-12.59950000000000081002
-12.52250000000000085265
-12.74849999999999994316
-12.91999999999999992895
-13.18999999999999950262
-12.96100000000000029843
-13.13250000000000028422
-12.67149999999999998579
-12.88299999999999911893
-13.14899999999999913314
-12.63000000000000078160
-12.57699999999999995737
-12.97000000000000063949
-12.65900000000000069633
-12.69050000000000011369
-12.57399999999999984368
-12.71599999999999930367
-12.76699999999999945999
-12.68249999999999921840
-12.78449999999999953104
-12.59399999999999941735
-12.50900000000000034106
-12.89700000000000024158
-13.03899999999999970157
-13.12149999999999927525
-12.91399999999999970157
-13.30899999999999927525
-12.76299999999999990052
-12.90900000000000069633
-12.93999999999999950262
-12.74150000000000027001
-12.63850000000000051159
-12.97049999999999947420
-12.92750000000000021316
-12.62950000000000017053
-12.78749999999999964473
-12.84999999999999964473
-12.78800000000000025580
-13.18149999999999977263
-12.60999999999999943157
-12.63850000000000051159
-12.59450000000000002842
-12.80899999999999927525
-12.79250000000000042633
-12.47949999999999981526
-12.70199999999999995737
-12.61350000000000015632
-13.04649999999999998579
-12.68650000000000055422
