-15.56049999999999933209
-15.52650000000000041211
-15.70049999999999990052
-15.76950000000000073896
-15.55850000000000044054
-15.55899999999999927525
-15.66150000000000019895
-15.73249999999999992895
-15.41699999999999981526
-15.68149999999999977263
-15.55100000000000015632
-15.45500000000000007105
-15.91549999999999975842
-15.47049999999999947420
-15.62250000000000049738
-15.74750000000000049738
-15.53049999999999997158
-15.86899999999999977263
-15.62449999999999938893
-15.61350000000000015632
-15.85399999999999920419
-15.41600000000000036948
-15.37950000000000017053
-15.64300000000000068212
-15.28299999999999947420
-15.61550000000000082423
-15.43149999999999977263
-15.91849999999999987210
-15.60350000000000036948
-15.74649999999999927525
-15.09350000000000058265
-15.70899999999999963052
-15.90700000000000002842
-15.05700000000000038369
-15.63349999999999972999
-15.61500000000000021316
-15.62599999999999944578
-15.50300000000000011369
-15.50249999999999950262
-15.52849999999999930367
-15.63499999999999978684
-15.79349999999999987210
-16.01050000000000039790
-15.50900000000000034106
-15.90099999999999980105
-15.57699999999999995737
-15.71199999999999974420
-15.59299999999999997158
-15.75050000000000061107
-15.20149999999999934630
-15.82150000000000034106
-15.61999999999999921840
-15.46749999999999936051
-15.73249999999999992895
-15.33900000000000041211
-15.86299999999999954525
-15.31049999999999933209
-15.33750000000000035527
-15.24949999999999938893
-15.79899999999999948841
-15.61899999999999977263
-15.57850000000000001421
-15.25900000000000034106
-15.68099999999999916156
-15.29950000000000009948
-15.23700000000000009948
-15.61299999999999954525
-15.44200000000000017053
-15.27699999999999924682
-15.72199999999999953104
-15.89300000000000068212
-15.46649999999999991473
-15.75900000000000034106
-15.76900000000000012790
-15.75500000000000078160
-15.30749999999999921840
-15.50399999999999955946
-15.62149999999999927525
-15.66399999999999970157
-15.45899999999999963052
-15.48249999999999992895
-15.59900000000000019895
-15.62049999999999982947
-16.04799999999999826628
-15.44400000000000083844
-15.46250000000000035527
-15.26600000000000001421
-15.92350000000000065370
-15.54700000000000059686
-15.20800000000000018474
-15.72049999999999947420
-15.70199999999999995737
-15.20800000000000018474
-15.58000000000000007105
-15.30199999999999960210
-15.67099999999999937472
-15.47100000000000008527
-15.48850000000000015632
-15.59299999999999997158
-15.64949999999999974420
