-13.78049999999999997158
-13.81700000000000017053
-14.02200000000000024158
-13.89649999999999963052
-13.85950000000000059686
-13.92699999999999960210
-13.97700000000000031264
-13.72000000000000063949
-13.93849999999999944578
-13.74649999999999927525
-13.74499999999999921840
-13.99099999999999965894
-14.26050000000000039790
-14.23600000000000065370
-14.06850000000000022737
-13.64949999999999974420
-13.92800000000000082423
-13.96649999999999991473
-14.15649999999999941735
-13.99949999999999938893
-14.00300000000000011369
-14.05100000000000015632
-13.84800000000000075318
-13.80649999999999977263
-14.09050000000000046896
-13.64049999999999940314
-13.89750000000000085265
-14.00900000000000034106
-14.07450000000000045475
-13.66200000000000081002
-13.98300000000000054001
-13.86200000000000009948
-13.85599999999999987210
-13.77149999999999963052
-13.85899999999999998579
-14.05749999999999921840
-13.86299999999999954525
-14.15300000000000046896
-13.86599999999999965894
-14.06700000000000017053
-13.87800000000000011369
-13.77549999999999918998
-13.65900000000000069633
-13.82750000000000056843
-13.82450000000000045475
-14.03149999999999941735
-14.13100000000000022737
-13.98150000000000048317
-14.29749999999999943157
-14.30000000000000071054
-14.05100000000000015632
-14.34699999999999953104
-13.96499999999999985789
-13.86449999999999960210
-13.81250000000000000000
-13.85149999999999970157
-13.67050000000000054001
-14.17500000000000071054
-13.75650000000000083844
-14.20299999999999940314
-13.89949999999999974420
-13.63899999999999934630
-13.92249999999999943157
-13.72150000000000069633
-13.92200000000000059686
-13.58050000000000068212
-13.84450000000000002842
-13.76549999999999940314
-14.06600000000000072475
-13.89649999999999963052
-14.04700000000000059686
-13.57850000000000001421
-14.11650000000000027001
-13.79700000000000059686
-14.36999999999999921840
-14.18399999999999927525
-13.80749999999999921840
-13.70800000000000018474
-14.01350000000000051159
-13.89349999999999951683
-13.79749999999999943157
-13.92300000000000004263
-14.01099999999999923261
-13.67399999999999948841
-13.83399999999999963052
-14.09900000000000019895
-14.09149999999999991473
-13.97600000000000086686
-13.92900000000000027001
-13.60749999999999992895
-14.11100000000000065370
-14.08200000000000073896
-13.79250000000000042633
-13.85800000000000054001
-13.70800000000000018474
-14.17800000000000082423
-14.08649999999999913314
-13.86500000000000021316
-13.77549999999999918998
-14.05049999999999954525
