-14.17350000000000065370
-14.24450000000000038369
-14.27899999999999991473
-14.27050000000000018474
-14.25500000000000078160
-14.42650000000000076739
-14.26350000000000051159
-14.01399999999999934630
-14.28650000000000019895
-14.37449999999999938893
-14.39300000000000068212
-14.80400000000000027001
-14.39949999999999974420
-14.18200000000000038369
-14.78400000000000069633
-14.35299999999999975842
-14.37349999999999994316
-14.26549999999999940314
-14.58000000000000007105
-14.07000000000000028422
-14.41200000000000081002
-14.37149999999999927525
-14.60950000000000059686
-14.26950000000000073896
-14.40150000000000041211
-14.75750000000000028422
-14.35599999999999987210
-14.38100000000000022737
-14.27399999999999913314
-14.64150000000000062528
-14.20850000000000079581
-14.10599999999999987210
-14.56300000000000061107
-14.38550000000000039790
-14.28550000000000075318
-14.17800000000000082423
-14.12599999999999944578
-14.35200000000000031264
-14.52149999999999963052
-14.45749999999999957367
-14.26699999999999945999
-14.48249999999999992895
-14.65300000000000046896
-14.14250000000000007105
-14.28449999999999953104
-14.47150000000000069633
-14.16200000000000081002
-14.43099999999999916156
-14.23499999999999943157
-14.23150000000000048317
-14.19699999999999917577
-14.39799999999999968736
-14.34350000000000058265
-14.33600000000000029843
-14.82549999999999990052
-14.52950000000000052580
-14.50050000000000061107
-14.24450000000000038369
-14.23850000000000015632
-14.23949999999999960210
-14.41399999999999970157
-13.96299999999999918998
-14.54149999999999920419
-14.15150000000000041211
-14.51249999999999928946
-14.22100000000000008527
-14.48049999999999926104
-14.18050000000000032685
-14.48349999999999937472
-14.37400000000000055422
-14.27100000000000079581
-14.33649999999999913314
-14.27549999999999918998
-14.52449999999999974420
-14.41949999999999931788
-14.60899999999999998579
-14.38150000000000083844
-14.15099999999999980105
-14.55499999999999971578
-14.16050000000000075318
-14.72049999999999947420
-14.29550000000000054001
-14.24050000000000082423
-14.27149999999999963052
-14.16200000000000081002
-14.32949999999999945999
-14.30100000000000015632
-14.14649999999999963052
-14.23049999999999926104
-14.25900000000000034106
-14.06900000000000083844
-14.35849999999999937472
-14.61700000000000088107
-14.27800000000000046896
-14.63349999999999972999
-14.35899999999999998579
-14.29800000000000004263
-14.38100000000000022737
-14.27250000000000085265
-14.49249999999999971578
