-15.86999999999999921840
-15.49349999999999916156
-15.96550000000000046896
-15.96349999999999980105
-16.19099999999999894840
-15.70400000000000062528
-15.55250000000000021316
-16.11550000000000082423
-16.05600000000000093792
-15.57649999999999934630
-15.93399999999999927525
-15.96599999999999930367
-16.00949999999999917577
-15.75099999999999944578
-15.91999999999999992895
-16.17800000000000082423
-15.93599999999999994316
-16.06449999999999889155
-15.88850000000000051159
-15.89799999999999968736
-16.32400000000000162004
-16.04100000000000036948
-16.08749999999999857891
-15.77549999999999918998
-15.87349999999999994316
-15.84800000000000075318
-16.16049999999999897682
-16.19699999999999917577
-15.83150000000000012790
-15.94650000000000034106
-16.04250000000000042633
-15.87950000000000017053
-15.70049999999999990052
-16.11049999999999826628
-16.13400000000000034106
-16.01599999999999823785
-15.85899999999999998579
-15.92549999999999954525
-15.65150000000000041211
-16.10849999999999937472
-15.84600000000000008527
-15.61950000000000038369
-15.74150000000000027001
-15.71499999999999985789
-15.41799999999999926104
-15.93750000000000000000
-15.76399999999999934630
-15.67500000000000071054
-16.13749999999999928946
-16.20349999999999823785
-15.67849999999999965894
-15.89300000000000068212
-15.72300000000000075318
-15.62299999999999933209
-15.91900000000000048317
-16.05949999999999988631
-15.65949999999999953104
-16.21799999999999997158
-15.36899999999999977263
-16.08849999999999980105
-16.14750000000000085265
-15.87599999999999944578
-15.73199999999999931788
-15.71299999999999918998
-16.06850000000000022737
-16.17050000000000054001
-15.55700000000000038369
-15.60299999999999975842
-16.18199999999999860734
-15.66399999999999970157
-15.98099999999999987210
-15.69950000000000045475
-15.78250000000000063949
-15.98850000000000015632
-15.78899999999999970157
-16.19000000000000127898
-16.14450000000000073896
-15.93050000000000032685
-15.89649999999999963052
-15.63299999999999911893
-15.93299999999999982947
-16.27599999999999980105
-15.55150000000000076739
-15.67350000000000065370
-15.63049999999999961631
-16.22200000000000130740
-15.80749999999999921840
-15.89949999999999974420
-16.02250000000000085265
-15.82750000000000056843
-16.02400000000000090949
-15.97700000000000031264
-15.94100000000000072475
-15.86250000000000071054
-15.97949999999999981526
-15.96799999999999997158
-15.62100000000000044054
-15.72349999999999958789
-15.66300000000000025580
-15.89100000000000001421
