-12.92300000000000004263
-13.40199999999999924682
-13.41249999999999964473
-13.35800000000000054001
-13.38150000000000083844
-13.27250000000000085265
-12.88049999999999961631
-13.36299999999999954525
-13.19800000000000039790
-13.19899999999999984368
-13.15750000000000063949
-13.05450000000000088107
-13.43599999999999994316
-13.20100000000000051159
-13.17650000000000076739
-13.59600000000000008527
-13.30799999999999982947
-13.39600000000000079581
-13.41549999999999975842
-13.13199999999999967315
-13.29550000000000054001
-13.25249999999999950262
-13.29700000000000059686
-13.18099999999999916156
-13.15799999999999947420
-13.33399999999999963052
-13.27749999999999985789
-13.35650000000000048317
-13.24249999999999971578
-13.59800000000000075318
-13.42800000000000082423
-13.38649999999999984368
-13.53350000000000008527
-12.88799999999999990052
-13.45299999999999940314
-13.36899999999999977263
-13.54499999999999992895
-13.27100000000000079581
-13.21899999999999941735
-13.44449999999999967315
-13.15949999999999953104
-13.36849999999999916156
-13.08000000000000007105
-13.49300000000000032685
-13.22100000000000008527
-13.30899999999999927525
-13.40300000000000046896
-13.15600000000000058265
-13.20100000000000051159
-12.92450000000000009948
-12.82649999999999934630
-13.25099999999999944578
-13.26950000000000073896
-13.41600000000000036948
-13.34800000000000075318
-13.23499999999999943157
-13.51500000000000056843
-13.06400000000000005684
-13.31199999999999938893
-13.49900000000000055422
-13.04550000000000054001
-13.52650000000000041211
-13.45899999999999963052
-12.90399999999999991473
-13.11650000000000027001
-13.29149999999999920419
-13.33500000000000085265
-13.39850000000000029843
-13.17149999999999998579
-13.09149999999999991473
-13.08999999999999985789
-13.38349999999999972999
-13.21149999999999913314
-13.01849999999999951683
-13.34549999999999947420
-13.43750000000000000000
-13.13599999999999923261
-13.24000000000000021316
-13.47949999999999981526
-13.32150000000000034106
-13.69549999999999911893
-13.57499999999999928946
-13.23249999999999992895
-13.41249999999999964473
-13.39250000000000007105
-13.35549999999999926104
-12.91549999999999975842
-13.01299999999999990052
-13.47199999999999953104
-13.14850000000000029843
-13.39400000000000012790
-13.24849999999999994316
-13.52200000000000024158
-13.58549999999999968736
-13.36350000000000015632
-13.18399999999999927525
-13.56250000000000000000
-13.49849999999999994316
-13.30949999999999988631
-13.08450000000000024158
