-13.17450000000000009948
-13.18849999999999944578
-12.81150000000000055422
-12.95299999999999940314
-13.17249999999999943157
-13.57750000000000056843
-13.28049999999999997158
-12.89450000000000073896
-12.88349999999999972999
-13.41399999999999970157
-13.23850000000000015632
-13.15000000000000035527
-12.95800000000000018474
-12.79499999999999992895
-12.93200000000000038369
-12.99000000000000021316
-13.36449999999999960210
-13.45350000000000001421
-13.05599999999999916156
-12.93800000000000061107
-12.82249999999999978684
-13.15850000000000008527
-13.09450000000000002842
-12.67249999999999943157
-12.93050000000000032685
-13.07699999999999995737
-12.73249999999999992895
-13.13799999999999990052
-13.02250000000000085265
-13.07249999999999978684
-13.00050000000000061107
-12.60449999999999981526
-13.31600000000000072475
-12.97049999999999947420
-12.99600000000000044054
-13.09549999999999947420
-12.59699999999999953104
-12.83600000000000029843
-13.11899999999999977263
-13.01750000000000007105
-13.24849999999999994316
-13.27500000000000035527
-12.62899999999999955946
-12.94500000000000028422
-12.65900000000000069633
-13.36350000000000015632
-12.55899999999999927525
-12.95149999999999934630
-12.80100000000000015632
-12.80250000000000021316
-13.11400000000000076739
-12.90199999999999924682
-12.91949999999999931788
-13.35500000000000042633
-13.22450000000000081002
-13.08549999999999968736
-12.42350000000000065370
-13.37800000000000011369
-13.19800000000000039790
-13.07949999999999945999
-13.29749999999999943157
-12.74249999999999971578
-12.98799999999999954525
-13.26149999999999984368
-12.62800000000000011369
-12.67900000000000027001
-12.79250000000000042633
-13.17200000000000059686
-12.90949999999999953104
-13.17849999999999965894
-13.14300000000000068212
-13.15549999999999997158
-12.90300000000000046896
-12.92750000000000021316
-13.15750000000000063949
-12.89949999999999974420
-13.38150000000000083844
-13.05799999999999982947
-12.49399999999999977263
-12.96199999999999974420
-12.80100000000000015632
-13.12299999999999933209
-12.86050000000000004263
-13.01950000000000073896
-13.24349999999999916156
-13.20100000000000051159
-13.15850000000000008527
-13.03400000000000069633
-13.17050000000000054001
-12.95899999999999963052
-12.74900000000000055422
-13.34699999999999953104
-13.06499999999999950262
-13.12950000000000017053
-12.86899999999999977263
-13.05049999999999954525
-13.43500000000000049738
-13.19100000000000072475
-12.98799999999999954525
-13.22899999999999920419
