-13.62599999999999944578
-13.72300000000000075318
-13.60849999999999937472
-13.50249999999999950262
-13.86550000000000082423
-13.58450000000000024158
-13.81499999999999950262
-13.56949999999999967315
-13.45149999999999934630
-13.71349999999999980105
-13.66399999999999970157
-13.76299999999999990052
-13.52749999999999985789
-13.56750000000000078160
-13.88349999999999972999
-13.47499999999999964473
-13.60849999999999937472
-13.69549999999999911893
-13.55450000000000088107
-13.56250000000000000000
-13.22600000000000086686
-13.76699999999999945999
-13.55499999999999971578
-13.81300000000000061107
-13.54199999999999981526
-13.65300000000000046896
-13.46599999999999930367
-13.64550000000000018474
-13.07300000000000039790
-13.38199999999999967315
-13.72250000000000014211
-13.75999999999999978684
-13.30700000000000038369
-13.63599999999999923261
-13.74150000000000027001
-13.74349999999999916156
-13.90600000000000058265
-13.72300000000000075318
-13.46049999999999968736
-13.38250000000000028422
-13.11899999999999977263
-13.51600000000000001421
-13.62899999999999955946
-13.60149999999999970157
-13.47499999999999964473
-13.54400000000000048317
-13.73049999999999926104
-13.65150000000000041211
-13.40750000000000063949
-13.57450000000000045475
-13.71199999999999974420
-13.61200000000000009948
-13.79899999999999948841
-13.89899999999999913314
-13.30749999999999921840
-13.58549999999999968736
-13.66249999999999964473
-13.44500000000000028422
-13.35500000000000042633
-13.56850000000000022737
-13.47700000000000031264
-13.46049999999999968736
-13.78100000000000058265
-13.97700000000000031264
-13.51249999999999928946
-13.41450000000000031264
-13.56850000000000022737
-13.47899999999999920419
-13.86100000000000065370
-13.56700000000000017053
-13.70199999999999995737
-13.44400000000000083844
-13.40850000000000008527
-13.51149999999999984368
-13.48850000000000015632
-13.37199999999999988631
-13.66099999999999958789
-13.91999999999999992895
-13.86149999999999948841
-13.76149999999999984368
-13.24349999999999916156
-13.39150000000000062528
-13.74499999999999921840
-13.55899999999999927525
-13.79100000000000036948
-13.99000000000000021316
-13.49000000000000021316
-13.43200000000000038369
-13.46000000000000085265
-13.51800000000000068212
-13.82399999999999984368
-13.72000000000000063949
-13.54400000000000048317
-13.32649999999999934630
-13.64049999999999940314
-13.48649999999999948841
-13.67600000000000015632
-13.63749999999999928946
-13.68249999999999921840
-13.49200000000000088107
