1.33889999999999997904
1.34470000000000000639
1.35820000000000007390
1.33660000000000001030
1.32529999999999992255
1.33420000000000005258
1.32339999999999990976
1.31669999999999998153
1.35020000000000006679
1.30010000000000003340
1.36579999999999990301
1.37900000000000000355
1.37129999999999996341
1.32699999999999995737
1.30750000000000010658
1.30960000000000009734
1.28719999999999989981
1.34329999999999993854
1.37490000000000001101
1.35050000000000003375
1.28499999999999992006
1.37139999999999995239
1.33069999999999999396
1.34190000000000009273
1.35329999999999994742
1.34329999999999993854
1.31590000000000006963
1.33479999999999998650
1.33549999999999990941
1.33339999999999991864
1.32020000000000004015
1.32390000000000007674
1.34139999999999992575
1.34969999999999989981
1.34590000000000009628
1.32479999999999997762
1.34949999999999992184
1.33729999999999993321
1.31279999999999996696
1.31410000000000004583
1.29830000000000000959
1.35640000000000005009
1.36810000000000009379
1.34909999999999996589
1.34749999999999992006
1.32089999999999996305
1.33339999999999991864
1.32650000000000001243
1.33410000000000006359
1.33699999999999996625
1.32780000000000009130
1.35650000000000003908
1.34739999999999993108
1.32230000000000003091
1.34260000000000001563
1.34489999999999998437
1.28370000000000006324
1.31539999999999990266
1.34879999999999999893
1.32689999999999996838
1.31010000000000004228
1.31139999999999989910
1.32400000000000006573
1.34369999999999989448
1.35969999999999990870
1.35089999999999998970
1.32069999999999998508
1.29400000000000003908
1.36070000000000002061
1.28540000000000009805
1.30909999999999993037
1.37860000000000004761
1.34210000000000007070
1.38739999999999996660
1.30539999999999989377
1.33060000000000000497
1.28170000000000006146
1.34739999999999993108
1.34959999999999991083
1.34939999999999993285
1.29279999999999994920
1.33390000000000008562
1.34400000000000008349
1.34780000000000010907
1.35689999999999999503
1.31800000000000006040
1.32269999999999998685
1.37690000000000001279
1.33050000000000001599
1.33349999999999990763
1.36529999999999995808
1.34450000000000002842
1.39149999999999995914
1.29119999999999990337
1.36339999999999994529
1.33620000000000005436
1.32529999999999992255
1.36749999999999993783
1.33529999999999993143
1.32899999999999995914
