2.15960000000000018616
2.07240000000000001990
2.20880000000000009663
2.08119999999999993889
2.04680000000000017479
2.14119999999999999218
2.01520000000000010232
2.20120000000000004547
2.11640000000000005898
2.12679999999999980176
2.17720000000000002416
2.13560000000000016485
2.13479999999999980886
2.17560000000000020037
2.19240000000000012648
2.26679999999999992610
2.10159999999999991260
2.06079999999999996518
2.13120000000000020535
2.19320000000000003837
2.17960000000000020393
2.08599999999999985434
2.05799999999999982947
2.06959999999999988418
2.18639999999999989910
2.12239999999999984226
2.18880000000000007887
2.25519999999999987139
2.17519999999999980034
2.17799999999999993605
2.05319999999999991402
2.19919999999999982165
2.13520000000000020890
2.19600000000000017408
2.08720000000000016627
2.16840000000000010516
2.20359999999999978115
2.07759999999999989129
2.17399999999999993250
2.20920000000000005258
2.13200000000000011724
2.11079999999999978755
2.16040000000000009805
2.23039999999999993818
2.14919999999999999929
2.12999999999999989342
2.12119999999999997442
2.19519999999999981810
2.11879999999999979465
2.23439999999999994174
2.10760000000000013998
2.16679999999999983729
2.10559999999999991616
2.17439999999999988844
2.10119999999999995666
2.16920000000000001705
2.14999999999999991118
2.23360000000000002984
2.05640000000000000568
2.19879999999999986571
2.16800000000000014921
2.22999999999999998224
2.15320000000000000284
2.18159999999999998366
2.12919999999999998153
2.14639999999999986358
2.08680000000000021032
2.17240000000000010871
2.13200000000000011724
2.13839999999999985647
2.12880000000000002558
2.13879999999999981242
2.10559999999999991616
2.09359999999999990550
2.21680000000000010374
2.17759999999999998010
2.10320000000000018048
2.05359999999999986997
2.05039999999999977831
2.12559999999999993392
2.14320000000000021600
2.22319999999999984297
2.16440000000000010161
2.00479999999999991545
2.15039999999999986713
2.12239999999999984226
2.16000000000000014211
2.09679999999999999716
2.20920000000000005258
2.15759999999999996234
2.12959999999999993747
2.06519999999999992468
2.06559999999999988063
2.27519999999999988916
2.32920000000000015916
2.04519999999999990692
2.15200000000000013500
2.14480000000000003979
2.15439999999999987068
2.28880000000000016769
