2.08380000000000009663
2.17379999999999995453
2.02380000000000004334
2.09850000000000003197
2.11739999999999994884
2.25780000000000002913
2.17919999999999980389
2.12910000000000021458
2.18610000000000015419
2.17350000000000020961
2.12880000000000002558
2.13240000000000007319
2.17649999999999987921
2.09430000000000005045
2.21550000000000002487
2.04420000000000001705
2.06490000000000017977
2.10720000000000018403
2.06910000000000016129
2.03520000000000012008
2.16780000000000017124
2.12159999999999993037
2.08199999999999985079
2.21399999999999996803
2.01330000000000008953
2.06999999999999984013
2.10599999999999987210
2.19600000000000017408
2.02470000000000016627
2.17770000000000019114
2.21369999999999977902
2.14800000000000013145
2.07540000000000013358
2.07600000000000006750
2.09609999999999985221
2.04539999999999988489
2.10570000000000012719
2.12670000000000003482
2.14440000000000008384
2.14020000000000010232
2.13450000000000006395
2.13540000000000018687
2.16570000000000018048
2.15549999999999997158
2.12939999999999995950
2.24160000000000003695
2.07270000000000020890
2.02830000000000021387
2.10389999999999988134
2.19059999999999988063
2.05109999999999992326
2.09370000000000011653
2.16990000000000016200
2.11470000000000002416
2.14469999999999982876
2.10930000000000017479
2.11350000000000015632
2.14889999999999981029
2.13689999999999979963
2.20140000000000002345
2.08499999999999996447
2.04780000000000006466
2.14650000000000007461
2.12999999999999989342
2.05080000000000017835
2.11319999999999996732
2.13509999999999999787
2.04119999999999990337
2.10689999999999999503
2.23110000000000008313
2.06999999999999984013
2.15759999999999996234
2.18009999999999992681
2.11980000000000012861
2.20199999999999995737
2.18009999999999992681
2.07120000000000015206
2.15640000000000009450
2.15490000000000003766
2.08110000000000017195
2.06130000000000013216
2.14919999999999999929
2.05200000000000004619
2.15850000000000008527
2.16389999999999993463
2.07089999999999996305
2.09699999999999997513
2.20800000000000018474
2.16509999999999980247
2.11529999999999995808
2.15280000000000004690
2.13149999999999995026
2.07660000000000000142
2.06309999999999993392
2.16029999999999988702
2.16029999999999988702
2.13240000000000007319
2.10930000000000017479
2.11379999999999990123
2.18129999999999979465
