1.94399999999999995026
1.92860000000000009202
1.89280000000000003801
1.91399999999999992362
1.97080000000000010729
1.95940000000000003055
1.90219999999999989093
1.92179999999999995275
1.92440000000000011049
1.95940000000000003055
1.85660000000000002807
1.96740000000000003766
1.92379999999999995453
1.88919999999999999041
1.86400000000000010125
1.95779999999999998472
1.84299999999999997158
1.87919999999999998153
1.91999999999999992895
1.93419999999999991935
1.92280000000000006466
1.87880000000000002558
1.91999999999999992895
1.89959999999999995524
2.02000000000000001776
1.96819999999999994955
1.89480000000000003979
1.93900000000000005684
1.96140000000000003233
1.87260000000000004228
1.87420000000000008811
1.86539999999999994706
1.94379999999999997229
1.86420000000000007923
1.89919999999999999929
1.85339999999999993641
1.96320000000000005613
1.88900000000000001243
1.86719999999999997087
1.93100000000000004974
1.85159999999999991260
1.90619999999999989448
1.92060000000000008491
1.85040000000000004476
1.97059999999999990727
1.89040000000000008029
1.92720000000000002416
1.88919999999999999041
1.90900000000000003020
1.88519999999999998685
1.98259999999999991793
1.93280000000000007354
1.88359999999999994102
1.89660000000000006359
1.92680000000000006821
1.95839999999999991864
1.94320000000000003837
1.93999999999999994671
1.90539999999999998259
1.94959999999999999964
1.93779999999999996696
1.91240000000000009983
1.95900000000000007461
1.86640000000000005898
1.86240000000000005542
1.82959999999999989306
1.89840000000000008740
1.90619999999999989448
1.90159999999999995701
1.85899999999999998579
1.85359999999999991438
1.88319999999999998508
1.93860000000000010090
1.99659999999999993037
1.97239999999999993108
1.83380000000000009663
1.91900000000000003908
1.97900000000000009237
1.94860000000000010978
1.87759999999999993570
1.86440000000000005720
1.92440000000000011049
1.89799999999999990941
1.92060000000000008491
1.86919999999999997264
1.86739999999999994884
1.89840000000000008740
1.88420000000000009699
1.95819999999999994067
1.89280000000000003801
1.89440000000000008384
1.89480000000000003979
1.96100000000000007638
1.87919999999999998153
1.90579999999999993854
1.84000000000000007994
1.96560000000000001386
2.01900000000000012790
1.87080000000000001847
1.97679999999999989058
