2.01659999999999994813
2.04899999999999993250
2.04539999999999988489
1.98900000000000010125
1.85339999999999993641
1.91159999999999996589
1.83600000000000007638
1.87500000000000000000
1.97459999999999991083
1.88040000000000007141
1.81319999999999992291
1.84919999999999995488
1.96320000000000005613
1.92720000000000002416
1.88579999999999992077
1.88700000000000001066
1.86240000000000005542
1.82339999999999990976
1.94940000000000002167
1.83359999999999989662
1.93379999999999996341
2.00579999999999980531
1.91219999999999989981
1.97520000000000006679
1.94700000000000006395
1.96859999999999990550
1.86959999999999992859
2.00220000000000020179
1.99679999999999990834
1.93140000000000000568
1.97760000000000002451
2.00519999999999987139
1.91040000000000009805
1.95960000000000000853
1.79039999999999999147
2.03639999999999998792
1.90260000000000006892
1.93619999999999992113
2.00400000000000000355
1.92419999999999991047
1.79160000000000008136
1.92359999999999997655
1.87979999999999991545
1.90799999999999991829
1.86179999999999989946
1.95179999999999997939
1.89840000000000008740
1.85699999999999998401
1.92599999999999993427
2.07900000000000018119
2.09100000000000019185
1.86840000000000006075
1.80240000000000000213
1.94579999999999997407
2.06879999999999997229
2.01120000000000009877
1.95779999999999998472
1.78679999999999994387
1.87500000000000000000
1.88999999999999990230
1.90019999999999988916
1.90199999999999991296
2.00220000000000020179
1.82279999999999997584
1.88339999999999996305
1.85699999999999998401
1.97520000000000006679
1.86359999999999992326
1.90199999999999991296
1.93740000000000001101
1.95059999999999988951
1.92480000000000006644
1.91520000000000001350
1.93559999999999998721
1.96979999999999999538
1.87500000000000000000
1.91399999999999992362
1.94759999999999999787
1.88579999999999992077
2.03279999999999994031
1.96799999999999997158
1.88759999999999994458
1.80119999999999991225
1.84440000000000003944
1.81200000000000005507
1.99740000000000006430
1.87559999999999993392
2.07960000000000011511
1.85579999999999989413
1.79580000000000006288
1.98599999999999998757
2.01600000000000001421
1.98059999999999991616
1.90979999999999994209
1.95179999999999997939
1.79820000000000002061
2.03940000000000010161
1.94940000000000002167
1.86179999999999989946
1.95300000000000006928
