2.03949999999999986855
2.10449999999999981526
1.98500000000000009770
2.02199999999999979750
2.08099999999999996092
2.06999999999999984013
2.07100000000000017408
2.01250000000000017764
2.14250000000000007105
2.13649999999999984368
2.18949999999999977973
2.08550000000000013145
1.99649999999999994138
2.03949999999999986855
2.06749999999999989342
2.04700000000000015277
2.07900000000000018119
2.04050000000000020250
2.08400000000000007461
2.06650000000000000355
2.08250000000000001776
1.96900000000000008349
1.92949999999999999289
2.04499999999999992895
2.15050000000000007816
2.05600000000000004974
2.02649999999999996803
2.06099999999999994316
2.18800000000000016698
2.13399999999999989697
2.01299999999999990052
2.09949999999999992184
2.25199999999999977973
2.00199999999999977973
2.03849999999999997868
2.06950000000000011724
1.97399999999999997691
2.04550000000000009592
2.08449999999999979750
2.12049999999999982947
2.06499999999999994671
2.06250000000000000000
2.09350000000000013856
1.99150000000000004796
2.15450000000000008171
2.00999999999999978684
2.04499999999999992895
2.20049999999999990052
2.12800000000000011369
2.03849999999999997868
2.03449999999999997513
2.14049999999999984723
2.02499999999999991118
2.08349999999999990763
2.21799999999999997158
2.06300000000000016698
2.14650000000000007461
2.08000000000000007105
2.02800000000000002487
2.06599999999999983658
2.02999999999999980460
2.03200000000000002842
2.01299999999999990052
2.02450000000000018829
2.05849999999999999645
2.10449999999999981526
2.03900000000000014566
1.96199999999999996625
2.16599999999999992539
2.10000000000000008882
2.10300000000000020250
2.10950000000000015277
2.14699999999999979750
2.18750000000000000000
2.05799999999999982947
2.16049999999999986500
2.02349999999999985434
2.06800000000000006040
2.08150000000000012790
2.07450000000000001066
2.12500000000000000000
2.10400000000000009237
2.18299999999999982947
2.00000000000000000000
1.96900000000000008349
1.98350000000000004086
2.20149999999999979039
2.03049999999999997158
2.11949999999999993960
2.10199999999999986855
2.04199999999999981526
2.16049999999999986500
2.11050000000000004263
2.11450000000000004619
2.08300000000000018474
2.02000000000000001776
2.02800000000000002487
2.05299999999999993605
2.03699999999999992184
2.08550000000000013145
