1.82279999999999997584
1.73879999999999990123
1.86969999999999991758
1.66739999999999999325
1.83119999999999993889
1.75910000000000010800
1.82279999999999997584
1.74370000000000002771
1.76819999999999999396
1.88579999999999992077
1.79760000000000008669
1.84519999999999995133
1.63450000000000006395
1.71989999999999998437
1.73039999999999993818
1.54909999999999992149
1.70870000000000010765
1.79479999999999995097
1.79970000000000007745
1.83469999999999999751
1.62959999999999993747
1.85289999999999999147
1.67860000000000009202
1.91169999999999995488
1.81929999999999991722
1.85080000000000000071
1.75629999999999997229
1.96770000000000000462
1.80390000000000005898
1.74229999999999995985
1.78849999999999997868
1.84380000000000010552
1.76190000000000002167
1.83889999999999997904
1.86620000000000008100
1.83469999999999999751
1.77029999999999998472
1.83329999999999992966
1.75140000000000006786
1.86899999999999999467
1.66040000000000009805
1.73599999999999998757
1.86200000000000009948
1.81509999999999993570
1.81580000000000008065
1.77940000000000009273
1.73039999999999993818
1.79550000000000009592
1.73950000000000004619
1.86899999999999999467
1.83400000000000007461
1.79410000000000002807
1.81160000000000009912
1.85850000000000004086
1.65060000000000006715
1.81440000000000001279
1.74720000000000008633
1.65060000000000006715
1.85149999999999992362
1.59180000000000010374
1.81650000000000000355
1.72340000000000004299
1.85149999999999992362
1.82770000000000010232
1.78499999999999992006
1.70870000000000010765
1.91939999999999999503
1.76190000000000002167
1.81230000000000002203
1.82699999999999995737
1.85779999999999989591
1.83260000000000000675
1.78709999999999991083
1.71779999999999999361
1.76889999999999991687
1.69260000000000010445
1.82770000000000010232
1.82980000000000009308
1.83119999999999993889
1.77730000000000010196
1.75419999999999998153
1.83610000000000006537
1.80390000000000005898
1.92359999999999997655
1.82909999999999994813
1.85080000000000000071
1.79830000000000000959
1.81230000000000002203
1.72409999999999996589
1.79269999999999996021
1.80879999999999996341
1.84450000000000002842
1.76330000000000008953
1.80319999999999991402
1.89559999999999995168
1.71849999999999991651
1.84870000000000000995
1.64359999999999994991
1.78499999999999992006
1.78639999999999998792
