1.51019999999999998685
1.51289999999999991154
1.64969999999999994422
1.51289999999999991154
1.61280000000000001137
1.48770000000000002238
1.68839999999999990088
1.38870000000000004547
1.28610000000000002096
1.67399999999999993250
1.53719999999999989981
1.61190000000000011049
1.54889999999999994351
1.77029999999999998472
1.47330000000000005400
1.38060000000000004938
1.60650000000000003908
1.33919999999999994600
1.46070000000000010942
1.57410000000000005471
1.49760000000000004228
1.38329999999999997407
1.52639999999999997904
1.35899999999999998579
1.59390000000000009450
1.58850000000000002309
1.37159999999999993037
1.37880000000000002558
1.60559999999999991616
1.45080000000000008953
1.77299999999999990941
1.32299999999999995381
1.60470000000000001528
1.48950000000000004619
1.48500000000000009770
1.42650000000000010125
1.36260000000000003340
1.56780000000000008242
1.54529999999999989591
1.55790000000000006253
1.38329999999999997407
1.79550000000000009592
1.51649999999999995914
1.63349999999999995204
1.32390000000000007674
1.66589999999999993641
1.34460000000000001741
1.47510000000000007780
1.54800000000000004263
1.33109999999999994991
1.54709999999999991971
1.52099999999999990763
1.40219999999999989093
1.66949999999999998401
1.72080000000000010729
1.49489999999999989555
1.56329999999999991189
1.45530000000000003801
1.68120000000000002771
1.61369999999999991225
1.59929999999999994387
1.44179999999999997051
1.44090000000000006963
1.56960000000000010623
1.41300000000000003375
1.45979999999999998650
1.56780000000000008242
1.55519999999999991580
1.52459999999999995524
1.53269999999999995133
1.54529999999999989591
1.46700000000000008171
1.60739999999999993996
1.48770000000000002238
1.58580000000000009841
1.42470000000000007745
1.23930000000000006821
1.64339999999999997193
1.46789999999999998259
1.58040000000000002700
1.44989999999999996660
1.51829999999999998295
1.33020000000000004903
1.61099999999999998757
1.56509999999999993570
1.59660000000000001918
1.51649999999999995914
1.23029999999999994920
1.65149999999999996803
1.64969999999999994422
1.30410000000000003695
1.47690000000000010161
1.46880000000000010552
1.44629999999999991900
1.54350000000000009415
1.45350000000000001421
1.59390000000000009450
1.65510000000000001563
1.53449999999999997513
1.48770000000000002238
