1.56719999999999992646
1.72320000000000006501
1.74960000000000004405
1.68559999999999998721
1.62559999999999993392
1.55360000000000009202
1.60719999999999996199
1.68880000000000007887
1.67359999999999997655
1.61680000000000001492
1.40720000000000000639
1.56640000000000001457
1.65680000000000005045
1.59359999999999990550
1.62640000000000006786
1.69199999999999994849
1.59919999999999995488
1.57119999999999993001
1.72560000000000002274
1.62640000000000006786
1.58000000000000007105
1.75520000000000009344
1.67759999999999998010
1.59359999999999990550
1.66159999999999996589
1.61200000000000009948
1.59200000000000008171
1.71039999999999992042
1.57919999999999993712
1.65359999999999995879
1.70399999999999995914
1.66240000000000009983
1.77200000000000001954
1.67120000000000001883
1.79439999999999999503
1.74560000000000004050
1.60880000000000000782
1.50320000000000009166
1.66959999999999997300
1.70720000000000005080
1.69439999999999990621
1.56879999999999997229
1.66720000000000001528
1.70399999999999995914
1.72639999999999993463
1.71039999999999992042
1.73839999999999994529
1.57119999999999993001
1.57759999999999989129
1.54560000000000008491
1.52639999999999997904
1.69520000000000004015
1.48720000000000007745
1.61759999999999992681
1.69359999999999999432
1.68080000000000007176
1.74639999999999995239
1.61119999999999996554
1.60159999999999991260
1.71360000000000001208
1.67920000000000002593
1.66959999999999997300
1.62719999999999997975
1.67680000000000006821
1.63280000000000002913
1.66799999999999992717
1.64799999999999990941
1.55200000000000004619
1.65999999999999992006
1.59840000000000004299
1.66959999999999997300
1.58559999999999989839
1.53279999999999994031
1.49760000000000004228
1.57759999999999989129
1.61200000000000009948
1.67359999999999997655
1.73120000000000007212
1.64080000000000003624
1.68639999999999989910
1.72639999999999993463
1.70239999999999991331
1.53679999999999994387
1.71280000000000010019
1.54719999999999990870
1.61440000000000005720
1.63359999999999994102
1.55760000000000009557
1.59279999999999999361
1.60959999999999991971
1.70960000000000000853
1.57200000000000006395
1.63519999999999998685
1.77760000000000006892
1.61280000000000001137
1.64799999999999990941
1.72399999999999997691
1.76320000000000010054
1.54479999999999995097
1.60959999999999991971
