1.35299999999999998046
1.40900000000000003020
1.25600000000000000533
1.35899999999999998579
1.47799999999999998046
1.41300000000000003375
1.39799999999999990941
1.43900000000000005684
1.44399999999999995026
1.37299999999999999822
1.26699999999999990408
1.61099999999999998757
1.34400000000000008349
1.45199999999999995737
1.28899999999999992362
1.22500000000000008882
1.47900000000000009237
1.65199999999999991296
1.45599999999999996092
1.44100000000000005862
1.58499999999999996447
1.45399999999999995914
1.32499999999999995559
1.35899999999999998579
1.37000000000000010658
1.33099999999999996092
1.43799999999999994493
1.53600000000000003197
1.38500000000000000888
1.39100000000000001421
1.42500000000000004441
1.20700000000000007283
1.45700000000000007283
1.37700000000000000178
1.41500000000000003553
1.23100000000000009415
1.55600000000000004974
1.53299999999999991829
1.57400000000000006573
1.32600000000000006750
1.56000000000000005329
1.60299999999999998046
1.47900000000000009237
1.37999999999999989342
1.32899999999999995914
1.47300000000000008704
1.50099999999999988987
1.34299999999999997158
1.42799999999999993605
1.52099999999999990763
1.45700000000000007283
1.23500000000000009770
1.28000000000000002665
1.27099999999999990763
1.44199999999999994849
1.46100000000000007638
1.44900000000000006573
1.40100000000000002309
1.25099999999999988987
1.44599999999999995204
1.21199999999999996625
1.42100000000000004086
1.43999999999999994671
1.31400000000000005684
1.39199999999999990408
1.36800000000000010481
1.54600000000000004086
1.40599999999999991651
1.29899999999999993250
1.52600000000000002309
1.47300000000000008704
1.21799999999999997158
1.44799999999999995381
1.62099999999999999645
1.33099999999999996092
1.61400000000000010125
1.47700000000000009059
1.48599999999999998757
1.34200000000000008171
1.48300000000000009592
1.57299999999999995381
1.47500000000000008882
1.46900000000000008349
1.44500000000000006217
1.41500000000000003553
1.55899999999999994138
1.28800000000000003375
1.37099999999999999645
1.35200000000000009059
1.41799999999999992717
1.43799999999999994493
1.27499999999999991118
1.46100000000000007638
1.31499999999999994671
1.50800000000000000711
1.34400000000000008349
1.31099999999999994316
1.39100000000000001421
1.29299999999999992717
1.54200000000000003730
