-27.45050000000000167688
-27.49299999999999855049
-27.09900000000000019895
-26.79050000000000153477
-27.25499999999999900524
-27.60900000000000176215
-27.31850000000000022737
-26.50600000000000022737
-28.46399999999999863576
-27.11550000000000082423
-27.81500000000000127898
-27.46349999999999980105
-28.07300000000000039790
-27.42899999999999849365
-27.92500000000000071054
-27.55249999999999843681
-27.55000000000000071054
-26.83599999999999852207
-27.41850000000000164846
-28.09199999999999874944
-27.43750000000000000000
-27.07949999999999945999
-28.08350000000000079581
-27.75550000000000139266
-26.96000000000000085265
-27.34949999999999903366
-26.53049999999999997158
-27.97850000000000036948
-28.01950000000000073896
-28.43700000000000116529
-27.92099999999999937472
-26.43499999999999872102
-26.98300000000000054001
-28.05049999999999954525
-28.28200000000000002842
-28.18100000000000093792
-26.81299999999999883471
-27.97700000000000031264
-27.33350000000000079581
-27.21649999999999991473
-26.80349999999999965894
-27.22599999999999909051
-28.32649999999999934630
-27.64049999999999940314
-26.38350000000000150635
-28.17050000000000054001
-26.04100000000000036948
-27.59100000000000108002
-27.60150000000000147793
-28.30949999999999988631
-27.15749999999999886313
-27.48400000000000176215
-27.56149999999999877787
-28.35050000000000025580
-28.33050000000000068212
-26.84499999999999886313
-28.00450000000000017053
-27.63550000000000039790
-27.08200000000000073896
-28.01950000000000073896
-26.16049999999999897682
-27.59100000000000108002
-27.25649999999999906208
-28.72400000000000019895
-26.67350000000000065370
-25.88299999999999911893
-26.27199999999999846523
-27.24449999999999860734
-27.24299999999999855049
-26.83050000000000068212
-28.74350000000000093792
-27.51899999999999835154
-26.85900000000000176215
-26.38200000000000144951
-27.15449999999999874944
-27.59900000000000019895
-27.05099999999999837996
-27.83050000000000068212
-27.05649999999999977263
-28.22700000000000031264
-28.16049999999999897682
-27.77499999999999857891
-26.30549999999999855049
-27.46999999999999886313
-27.09400000000000119371
-27.76399999999999934630
-27.42950000000000088107
-27.59400000000000119371
-27.92200000000000059686
-27.14349999999999951683
-27.73049999999999926104
-26.99500000000000099476
-27.56550000000000011369
-26.84149999999999991473
-27.21099999999999852207
-26.64949999999999974420
-28.78000000000000113687
-28.43149999999999977263
-27.44000000000000127898
-26.88500000000000156319
