-26.04799999999999826628
-24.99800000000000110845
-26.95850000000000079581
-25.87549999999999883471
-26.52250000000000085265
-26.88500000000000156319
-26.55750000000000099476
-25.52749999999999985789
-26.85500000000000042633
-27.30199999999999960210
-25.70050000000000167688
-25.95899999999999963052
-24.56950000000000144951
-26.94800000000000039790
-26.22200000000000130740
-25.08500000000000085265
-25.71999999999999886313
-26.01549999999999940314
-27.03500000000000014211
-26.25949999999999917577
-26.28300000000000125056
-25.47100000000000008527
-26.95050000000000167688
-25.63149999999999906208
-26.34499999999999886313
-27.06299999999999883471
-26.46950000000000002842
-26.02250000000000085265
-26.88200000000000144951
-27.37699999999999889155
-25.43299999999999982947
-27.09149999999999991473
-27.36349999999999837996
-27.07849999999999823785
-26.38850000000000051159
-25.87450000000000116529
-26.09550000000000125056
-25.73250000000000170530
-25.72800000000000153477
-25.91150000000000019895
-26.07000000000000028422
-24.85050000000000025580
-26.47149999999999891998
-25.96900000000000119371
-25.36649999999999849365
-25.22599999999999909051
-25.35650000000000048317
-26.37249999999999872102
-26.60399999999999920419
-25.65350000000000108002
-27.48100000000000164846
-26.60099999999999909051
-26.33099999999999951683
-25.77349999999999852207
-26.90399999999999991473
-25.80549999999999855049
-27.80049999999999954525
-25.31599999999999894840
-26.29250000000000042633
-25.54400000000000048317
-25.03099999999999880629
-25.37000000000000099476
-26.58899999999999863576
-26.34149999999999991473
-27.32750000000000056843
-26.45700000000000073896
-25.89699999999999846523
-25.41750000000000042633
-25.52149999999999963052
-26.06449999999999889155
-24.43599999999999994316
-25.44699999999999917577
-25.78750000000000142109
-25.03000000000000113687
-25.40899999999999891998
-26.17650000000000076739
-24.75450000000000017053
-25.41550000000000153477
-27.67099999999999937472
-25.26549999999999940314
-24.67249999999999943157
-26.23600000000000065370
-26.66100000000000136424
-25.58749999999999857891
-26.68499999999999872102
-26.46600000000000108002
-26.66349999999999909051
-26.53950000000000031264
-25.25600000000000022737
-25.49200000000000088107
-26.17500000000000071054
-26.45949999999999846523
-25.85500000000000042633
-25.05649999999999977263
-25.81550000000000011369
-25.47350000000000136424
-25.92500000000000071054
-26.99899999999999877787
-25.69249999999999900524
-26.77250000000000085265
