-22.49050000000000082423
-22.29599999999999937472
-22.73400000000000176215
-22.76650000000000062528
-22.77349999999999852207
-22.59199999999999874944
-21.51500000000000056843
-22.22250000000000014211
-22.88599999999999923261
-21.07049999999999911893
-22.35000000000000142109
-22.20749999999999957367
-21.71199999999999974420
-22.99650000000000105160
-20.70799999999999840838
-22.42249999999999943157
-21.27199999999999846523
-21.58999999999999985789
-21.39349999999999951683
-23.07049999999999911893
-22.46549999999999869260
-21.89900000000000090949
-22.49350000000000093792
-22.98649999999999948841
-21.93550000000000110845
-21.60650000000000048317
-23.74299999999999855049
-21.71900000000000119371
-22.76200000000000045475
-23.47299999999999897682
-22.44200000000000017053
-22.41349999999999909051
-21.55750000000000099476
-22.03399999999999891998
-22.19800000000000039790
-21.22200000000000130740
-22.36799999999999855049
-22.85150000000000147793
-22.21999999999999886313
-22.64399999999999835154
-21.90149999999999863576
-22.40249999999999985789
-21.94099999999999894840
-21.47250000000000014211
-22.46249999999999857891
-22.23150000000000048317
-22.64799999999999968736
-23.94350000000000022737
-22.67749999999999843681
-23.09799999999999897682
-21.89300000000000068212
-22.83350000000000079581
-22.25250000000000127898
-22.11049999999999826628
-21.87150000000000105160
-22.27599999999999980105
-22.66949999999999931788
-22.82049999999999911893
-22.54500000000000170530
-21.38850000000000051159
-21.72850000000000036948
-22.66250000000000142109
-23.13800000000000167688
-22.30049999999999954525
-22.24749999999999872102
-21.98400000000000176215
-23.35099999999999909051
-22.03350000000000008527
-22.66949999999999931788
-22.14049999999999940314
-22.80049999999999954525
-21.91000000000000014211
-22.20749999999999957367
-22.31200000000000116529
-22.25049999999999883471
-21.54749999999999943157
-21.77400000000000090949
-22.62699999999999889155
-22.27649999999999863576
-21.41499999999999914735
-23.20700000000000073896
-22.39199999999999945999
-22.08399999999999963052
-22.74849999999999994316
-22.36749999999999971578
-22.54899999999999948841
-21.84349999999999880629
-22.52149999999999963052
-22.92150000000000176215
-23.81899999999999906208
-22.75900000000000034106
-22.03500000000000014211
-22.62049999999999982947
-23.13050000000000139266
-21.23900000000000076739
-21.65449999999999874944
-21.31200000000000116529
-21.25700000000000144951
-22.05399999999999849365
-21.42899999999999849365
