-21.62099999999999866418
-19.44500000000000028422
-20.50499999999999900524
-20.89699999999999846523
-21.13500000000000156319
-21.03950000000000031264
-20.53249999999999886313
-21.49350000000000093792
-20.80000000000000071054
-19.95499999999999829470
-20.79650000000000176215
-20.49549999999999982947
-21.57199999999999917577
-20.57700000000000173372
-21.87950000000000017053
-21.87300000000000110845
-20.88749999999999928946
-20.55450000000000088107
-20.91300000000000025580
-20.57999999999999829470
-21.81950000000000144951
-20.93599999999999994316
-21.43949999999999889155
-21.12750000000000127898
-20.45400000000000062528
-20.90050000000000096634
-20.27700000000000102318
-20.43299999999999982947
-21.19399999999999906208
-22.01300000000000167688
-22.10500000000000042633
-20.41049999999999897682
-20.63550000000000039790
-21.11400000000000076739
-21.64699999999999846523
-21.30300000000000082423
-20.39249999999999829470
-21.56950000000000144951
-21.70599999999999951683
-21.18049999999999855049
-20.45349999999999823785
-20.38749999999999928946
-19.91750000000000042633
-20.88700000000000045475
-21.71300000000000096634
-21.22650000000000147793
-20.36499999999999843681
-20.55949999999999988631
-21.43750000000000000000
-22.58149999999999835154
-20.94699999999999917577
-20.30549999999999855049
-20.78549999999999897682
-19.98499999999999943157
-20.97200000000000130740
-20.78500000000000014211
-20.26249999999999928946
-20.77599999999999980105
-22.43199999999999860734
-20.98000000000000042633
-21.65449999999999874944
-20.18599999999999994316
-20.90050000000000096634
-20.16000000000000014211
-20.55949999999999988631
-19.68049999999999855049
-21.83050000000000068212
-21.40950000000000130740
-21.61899999999999977263
-21.17350000000000065370
-20.57750000000000056843
-20.95400000000000062528
-21.52449999999999974420
-21.69150000000000133582
-20.90050000000000096634
-21.93700000000000116529
-21.26050000000000039790
-21.23250000000000170530
-19.94500000000000028422
-21.57550000000000167688
-19.97400000000000019895
-20.15749999999999886313
-21.98300000000000054001
-19.87000000000000099476
-19.89549999999999840838
-21.63950000000000173372
-21.00000000000000000000
-21.55699999999999860734
-21.13899999999999934630
-21.14900000000000090949
-21.62999999999999900524
-20.41700000000000159162
-20.03900000000000147793
-20.88850000000000051159
-21.42299999999999826628
-20.48699999999999832312
-20.21499999999999985789
-20.18199999999999860734
-19.81950000000000144951
-20.14750000000000085265
