31.71780000000000043769
31.68329999999999913030
32.45219999999999771489
32.16810000000000258069
32.39849999999999852207
31.92089999999999960778
31.77029999999999887450
31.42320000000000135287
32.15279999999999915872
32.34929999999999949978
31.74330000000000140403
32.10629999999999739657
31.93140000000000000568
31.77720000000000055707
31.97729999999999961346
32.09069999999999822649
31.81619999999999848228
31.89570000000000149498
32.50350000000000250111
31.93169999999999930651
31.80780000000000029559
31.87979999999999947136
31.94999999999999928946
31.79550000000000054001
32.12910000000000110276
31.76849999999999951683
31.71809999999999973852
31.69020000000000081286
31.61430000000000006821
31.85460000000000135856
31.89480000000000003979
32.01780000000000114824
31.46099999999999852207
31.88370000000000104023
32.08469999999999799911
31.77749999999999985789
32.08409999999999939746
32.07209999999999894271
31.56060000000000087539
31.64310000000000044906
31.69800000000000039790
31.74960000000000093223
31.77840000000000131308
31.84110000000000084697
31.79189999999999827196
31.83389999999999986358
31.60859999999999914166
31.88400000000000034106
31.50929999999999964189
32.23020000000000351292
32.19659999999999655529
31.69440000000000168257
32.30579999999999785132
31.57529999999999859028
32.50350000000000250111
31.73519999999999896545
31.95479999999999876081
31.46910000000000096065
31.75979999999999847660
31.73789999999999977831
31.96920000000000072760
31.88070000000000092655
32.23740000000000094360
32.11110000000000042064
32.01149999999999806732
31.82280000000000086402
31.78259999999999863007
31.68420000000000058549
32.13779999999999859028
32.18310000000000314913
31.93860000000000098908
31.85490000000000065938
32.29440000000000310365
31.88309999999999888587
32.16839999999999832880
31.43519999999999825491
31.80330000000000012506
31.70070000000000121076
31.98930000000000006821
32.14950000000000329692
32.17980000000000018190
32.27759999999999962483
32.09159999999999968168
31.80270000000000152340
32.08109999999999928377
31.78020000000000067075
31.78470000000000084128
32.19809999999999661213
31.94099999999999894840
31.88040000000000162572
31.91519999999999868123
31.76460000000000150067
32.13719999999999998863
31.92780000000000129035
31.59299999999999997158
31.99889999999999901092
31.99739999999999895408
31.88550000000000039790
31.53150000000000119371
31.86629999999999895977
