49.64200000000000301270
49.45799999999999840838
50.27550000000000096634
50.07000000000000028422
49.87700000000000244427
50.13700000000000045475
49.79099999999999681677
50.09550000000000125056
49.80599999999999738520
49.79999999999999715783
49.52499999999999857891
49.46000000000000085265
49.42900000000000204636
50.57900000000000062528
49.88400000000000034106
50.00650000000000261480
49.87349999999999994316
49.92849999999999965894
50.45850000000000079581
49.55949999999999988631
49.52850000000000108002
49.43249999999999744205
49.99649999999999749889
49.47749999999999914735
49.92300000000000181899
49.88799999999999812417
50.07200000000000272848
49.58650000000000090949
50.61350000000000193268
49.72399999999999664624
49.74249999999999971578
50.16250000000000142109
50.03799999999999670308
50.50450000000000017053
49.73599999999999710099
49.82800000000000295586
49.81600000000000250111
49.77300000000000324007
49.75500000000000255795
49.89650000000000318323
49.70049999999999812417
49.82000000000000028422
49.82900000000000062528
49.94950000000000045475
49.86099999999999710099
49.52450000000000329692
49.68750000000000000000
50.28349999999999653255
49.93399999999999749889
49.84799999999999897682
49.94650000000000034106
49.95400000000000062528
49.58650000000000090949
50.33800000000000096634
49.88049999999999783995
50.01650000000000062528
50.24549999999999982947
49.21300000000000096634
50.18099999999999738520
49.61950000000000216005
49.48949999999999960210
49.40200000000000102318
49.32699999999999818101
49.85799999999999698730
50.25000000000000000000
49.94599999999999795364
50.27850000000000108002
49.84949999999999903366
49.19100000000000250111
50.03300000000000125056
49.40650000000000119371
50.03099999999999880629
49.60549999999999926104
49.43699999999999761258
49.99450000000000216005
49.66700000000000159162
49.92799999999999727152
50.05649999999999977263
51.17199999999999704414
49.77250000000000085265
49.64200000000000301270
50.10949999999999704414
49.58449999999999846523
49.74750000000000227374
49.53399999999999891998
49.47899999999999920419
49.83500000000000085265
49.37199999999999988631
49.77400000000000090949
49.55700000000000216005
50.11699999999999732836
50.21750000000000113687
49.61699999999999732836
49.66899999999999693046
49.74549999999999982947
49.65149999999999863576
49.66449999999999675993
50.13750000000000284217
50.01599999999999823785
50.20150000000000289901
