41.16199999999999903366
41.05919999999999703277
41.17119999999999890861
41.01200000000000045475
41.13199999999999789679
41.25679999999999836291
40.52320000000000277396
41.08639999999999758984
41.48640000000000327418
41.01160000000000138698
41.38199999999999789679
41.02000000000000312639
41.01760000000000161435
40.79399999999999693046
41.19200000000000017053
40.88080000000000069349
41.30120000000000146656
41.46159999999999712372
41.26160000000000138698
40.77400000000000090949
40.86160000000000280806
40.74799999999999755573
41.16440000000000054570
40.92719999999999913598
40.81600000000000250111
41.31680000000000063665
40.77080000000000126192
40.82840000000000202363
41.14959999999999951115
41.28079999999999927240
41.12199999999999988631
41.07759999999999678266
40.84559999999999746478
40.72200000000000130740
40.93200000000000216005
41.38600000000000278533
41.02680000000000148930
41.65840000000000031832
40.79359999999999786269
40.32240000000000179625
41.02720000000000055707
40.44680000000000319460
40.91239999999999810143
41.06519999999999726015
40.74080000000000012506
41.28880000000000194404
40.68919999999999959073
41.15959999999999752163
40.79639999999999844249
41.19559999999999888587
40.80360000000000297860
41.16760000000000019327
40.54359999999999786269
41.41760000000000019327
41.20199999999999818101
40.43039999999999878355
40.86639999999999872671
41.01200000000000045475
41.08919999999999816964
41.46159999999999712372
40.51520000000000010232
40.92560000000000286491
40.84599999999999653255
40.88119999999999976126
40.83679999999999665761
40.89119999999999777174
40.60600000000000164846
40.84279999999999688498
41.48479999999999989768
40.93119999999999691909
41.73640000000000327418
40.48919999999999674856
40.82079999999999841975
40.95199999999999818101
40.85880000000000222826
40.87919999999999731699
40.62960000000000349019
41.30519999999999924967
40.93800000000000238742
40.94959999999999666898
40.93480000000000273985
41.09759999999999990905
40.71479999999999677129
40.97760000000000246700
41.32200000000000272848
40.95000000000000284217
41.00480000000000302407
41.23599999999999710099
41.17560000000000286491
41.23040000000000304681
41.46439999999999770353
40.89520000000000266027
41.52479999999999904503
41.03439999999999798774
41.16960000000000263753
40.80120000000000146656
41.58879999999999910187
41.33039999999999736247
41.23279999999999745341
40.45080000000000097771
