82.69740000000000179625
82.21590000000000486580
82.68479999999999563443
82.81709999999999638476
81.76500000000000056843
82.70189999999999486135
82.28520000000000322871
82.05119999999999436113
82.48229999999999506599
82.24290000000000588898
82.64430000000000120508
82.20959999999999467946
82.27889999999999304237
81.93959999999999865850
82.50660000000000593445
82.81709999999999638476
83.01149999999999806732
82.54439999999999599822
82.83419999999999561169
83.27609999999999956799
82.93770000000000663931
82.63079999999999358806
82.77840000000000486580
82.40940000000000509317
82.94580000000000552518
82.40940000000000509317
81.54720000000000368345
83.08259999999999934062
82.17629999999999768079
83.48579999999999756710
82.83960000000000434284
82.40670000000000072760
82.83509999999999706688
82.32479999999999620286
82.69379999999999597549
84.28679999999999949978
82.55700000000000216005
82.59929999999999949978
82.43009999999999593001
82.65689999999999315605
81.96299999999999386091
82.67849999999999965894
82.19249999999999545253
82.40130000000000620730
83.79810000000000513865
82.49760000000000559339
81.95310000000000627551
82.47690000000000054570
83.10150000000000147793
84.38219999999999743068
82.91790000000000304681
81.82620000000000004547
83.21399999999999863576
81.74429999999999552074
82.41299999999999670308
81.70919999999999561169
82.29149999999999920419
83.12309999999999376996
83.01059999999999661213
81.93600000000000704858
82.47509999999999763531
82.96200000000000329692
82.11060000000000513865
82.36799999999999499778
81.54449999999999931788
81.83069999999999311058
83.11320000000000618456
82.98539999999999849933
81.98009999999999308784
82.98000000000000397904
82.09619999999999606644
83.15279999999999915872
82.36979999999999790816
82.66230000000000188720
82.25639999999999929514
83.60190000000000054570
82.69559999999999888587
82.44180000000000063665
82.65600000000000591172
83.00700000000000500222
81.98730000000000472937
81.98460000000000036380
82.81980000000000075033
81.80010000000000047748
82.02779999999999915872
82.27800000000000579803
82.64069999999999538431
82.75769999999999981810
81.27630000000000620730
82.13670000000000470664
82.09260000000000445652
82.17719999999999913598
81.36899999999999977263
82.39409999999999456577
82.10339999999999349711
82.41660000000000252385
81.85139999999999815827
82.10609999999999786269
82.77299999999999613465
82.48319999999999652118
