57.70799999999999840838
58.25520000000000209184
58.33259999999999934062
58.36619999999999919282
57.65339999999999776037
58.58579999999999898819
59.07059999999999888587
58.61580000000000012506
58.63439999999999940883
58.67759999999999820375
58.63259999999999649845
58.38119999999999976126
58.19400000000000261480
58.79879999999999995453
57.63300000000000267164
58.34819999999999851070
58.47359999999999757847
58.08180000000000120508
58.28699999999999903366
58.78739999999999810143
58.51800000000000068212
58.83299999999999840838
58.55760000000000076170
57.91080000000000183036
58.37819999999999964757
58.36079999999999756710
58.29899999999999948841
58.16700000000000159162
58.43520000000000180762
58.02060000000000172804
58.19939999999999713509
58.13400000000000034106
58.21679999999999921556
57.68939999999999912461
58.77239999999999753300
58.46759999999999735110
58.27259999999999706688
58.04639999999999844249
58.54860000000000042064
58.46520000000000294449
58.06560000000000343334
58.45499999999999829470
58.08420000000000271712
58.70340000000000202363
58.33140000000000213731
58.42799999999999727152
58.12380000000000279670
58.42560000000000286491
58.99739999999999895408
58.82039999999999935199
58.52640000000000242153
58.21439999999999770353
58.48980000000000245564
58.81380000000000052296
58.17660000000000053433
57.74399999999999977263
58.52759999999999962483
58.37100000000000221689
57.88980000000000103455
58.24199999999999732836
58.51080000000000325144
58.96920000000000072760
58.54319999999999879492
58.10640000000000071623
58.38660000000000138698
57.87120000000000175078
57.90299999999999869260
58.05539999999999878355
57.97679999999999722604
58.61880000000000023874
58.94219999999999970441
58.53900000000000147793
58.25880000000000080718
58.58460000000000178488
59.17620000000000146656
58.22099999999999653255
58.67099999999999937472
58.64159999999999683951
58.42020000000000123919
57.97560000000000002274
58.60560000000000258069
58.27199999999999846523
58.29480000000000217142
58.29480000000000217142
58.47780000000000200089
58.24199999999999732836
58.15740000000000264890
58.09859999999999757847
58.42860000000000297860
58.87140000000000128466
58.89300000000000068212
58.16159999999999996589
58.26659999999999683951
58.42920000000000158025
57.84300000000000352429
58.34100000000000108002
58.21079999999999898819
58.51500000000000056843
58.24799999999999755573
58.22399999999999664624
