66.38590000000000657110
66.27530000000000143245
66.70999999999999374722
66.79330000000000211458
66.93470000000000652562
66.70720000000000027285
66.62879999999999824922
66.61620000000000629825
66.59940000000000281943
66.66660000000000252385
66.54410000000000025011
66.67919999999999447482
66.15279999999999915872
66.59170000000000300133
66.51399999999999579359
67.15730000000000643468
67.02219999999999799911
66.99699999999999988631
66.57420000000000470664
66.69039999999999679403
66.00020000000000663931
66.38590000000000657110
66.52030000000000597993
66.73029999999999972715
66.63160000000000593445
66.09539999999999793090
66.24729999999999563443
66.58610000000000184173
67.01030000000000086402
66.33549999999999613465
67.19299999999999783995
66.92210000000000036380
65.95260000000000388809
67.13139999999999929514
66.53289999999999793090
66.62040000000000361524
66.56159999999999854481
66.69459999999999411102
66.44960000000000377440
66.56860000000000354703
66.61480000000000245564
66.99559999999999604370
66.63020000000000209184
66.60500000000000397904
67.47369999999999379270
66.58259999999999934062
67.15940000000000509317
66.70579999999999643023
66.89549999999999840838
66.28860000000000241016
66.56789999999999452029
67.73760000000000047748
66.68410000000000081855
66.22979999999999733973
67.31270000000000663931
66.41389999999999815827
66.89339999999999974989
67.36870000000000402451
66.85349999999999681677
67.02989999999999781721
65.93439999999999656666
67.20210000000000150067
66.50700000000000500222
67.15659999999999740794
67.24200000000000443379
66.89690000000000225100
66.67780000000000484306
66.36140000000000327418
65.92740000000000577529
66.62179999999999324700
66.52660000000000195541
66.19199999999999306510
66.85840000000000316049
66.89130000000000109139
66.71490000000000009095
66.62810000000000343334
67.51850000000000306954
67.09220000000000538876
67.45480000000000586624
66.32779999999999631655
67.16849999999999454303
66.77299999999999613465
67.10339999999999349711
66.93470000000000652562
66.32779999999999631655
67.00539999999999452029
66.33969999999999345164
67.08520000000000038654
66.54760000000000275122
66.78700000000000613909
66.80729999999999790816
66.22490000000000520686
67.40649999999999408828
66.77439999999999997726
66.57280000000000086402
66.90179999999999438387
66.51680000000000347882
67.23779999999999290594
66.36769999999999924967
66.77719999999999345164
