-64.32800000000000295586
-63.22549999999999670308
-64.17350000000000420641
-64.21550000000000579803
-64.09399999999999408828
-63.90950000000000130740
-63.58200000000000073896
-64.61249999999999715783
-64.32049999999999556621
-64.13500000000000511591
-64.13849999999999340616
-63.14750000000000085265
-63.75699999999999789679
-64.22799999999999442934
-63.65550000000000352429
-63.81499999999999772626
-64.59699999999999420197
-64.01349999999999340616
-63.71399999999999863576
-64.17249999999999943157
-63.77900000000000346745
-64.26300000000000522959
-64.64400000000000545697
-64.26099999999999567990
-63.91149999999999664624
-63.65599999999999880629
-63.66799999999999926104
-63.46999999999999886313
-64.05949999999999988631
-63.80749999999999744205
-63.86249999999999715783
-64.17199999999999704414
-64.44950000000000045475
-64.20900000000000318323
-64.40800000000000125056
-64.52750000000000341061
-64.56000000000000227374
-64.36050000000000181899
-64.56900000000000261480
-63.24949999999999761258
-64.30649999999999977263
-63.85349999999999681677
-63.95900000000000318323
-63.75650000000000261480
-63.93200000000000216005
-63.59700000000000130740
-64.73950000000000670752
-63.93399999999999749889
-63.68099999999999738520
-64.35099999999999909051
-63.17949999999999732836
-63.77349999999999852207
-64.00149999999999295142
-63.88049999999999783995
-63.66199999999999903366
-64.43899999999999295142
-63.69599999999999795364
-63.96650000000000346745
-63.40200000000000102318
-63.65400000000000346745
-64.07599999999999340616
-64.53400000000000602540
-63.77000000000000312639
-64.18000000000000682121
-64.15300000000000579803
-64.14950000000000329692
-63.55449999999999732836
-64.21800000000000352429
-63.70250000000000056843
-63.80499999999999971578
-63.47099999999999653255
-63.48049999999999926104
-64.52949999999999874944
-64.39849999999999852207
-63.82000000000000028422
-64.30400000000000204636
-64.67199999999999704414
-64.25350000000000250111
-64.11050000000000181899
-63.71099999999999852207
-63.95600000000000306954
-64.33599999999999852207
-64.08100000000000306954
-64.07500000000000284217
-63.36950000000000216005
-63.40749999999999886313
-63.82249999999999801048
-64.19599999999999795364
-64.27800000000000579803
-63.31600000000000250111
-63.93149999999999977263
-63.81799999999999783995
-64.11549999999999727152
-63.66949999999999931788
-63.42499999999999715783
-64.40550000000000352429
-63.85300000000000153477
-64.34950000000000613909
-64.49099999999999965894
-64.60850000000000648015
