-64.59499999999999886313
-63.48250000000000170530
-64.27150000000000318323
-64.54000000000000625278
-63.52250000000000085265
-63.10649999999999693046
-63.92300000000000181899
-63.50999999999999801048
-63.62700000000000244427
-63.48700000000000187583
-64.00050000000000238742
-64.48900000000000432010
-64.37399999999999522515
-64.16500000000000625278
-64.18250000000000454747
-64.17549999999999954525
-63.49249999999999971578
-64.00499999999999545253
-63.94599999999999795364
-63.88450000000000272848
-64.21699999999999874944
-64.06350000000000477485
-62.87650000000000005684
-64.73199999999999931788
-63.17999999999999971578
-63.92450000000000187583
-63.32000000000000028422
-63.93299999999999982947
-63.82500000000000284217
-64.40850000000000363798
-64.24150000000000204636
-63.77100000000000079581
-64.36299999999999954525
-63.43950000000000244427
-63.65050000000000096634
-64.09199999999999874944
-63.66899999999999693046
-63.88700000000000045475
-63.74949999999999761258
-64.70650000000000545697
-64.38450000000000272848
-64.04250000000000397904
-63.77349999999999852207
-63.48649999999999948841
-63.27150000000000318323
-62.99099999999999965894
-63.85000000000000142109
-63.43800000000000238742
-63.60049999999999670308
-63.82350000000000278533
-63.53699999999999903366
-63.69200000000000017053
-64.02100000000000079581
-64.27899999999999636202
-64.34749999999999658939
-63.93099999999999738520
-63.92300000000000181899
-63.56499999999999772626
-63.60150000000000147793
-64.00149999999999295142
-64.50650000000000261480
-63.66550000000000153477
-63.83550000000000324007
-64.07899999999999351985
-63.45450000000000301270
-64.08599999999999852207
-64.04749999999999943157
-63.70900000000000318323
-63.72800000000000153477
-63.52550000000000096634
-63.34049999999999869260
-62.74799999999999755573
-64.08549999999999613465
-63.42649999999999721467
-63.97849999999999681677
-63.64800000000000324007
-63.51149999999999806732
-62.86299999999999954525
-63.70499999999999829470
-63.58800000000000096634
-64.12850000000000250111
-63.50249999999999772626
-63.80749999999999744205
-63.43699999999999761258
-63.98599999999999710099
-63.73049999999999926104
-63.60750000000000170530
-63.60750000000000170530
-63.74499999999999744205
-63.79200000000000159162
-63.90550000000000352429
-64.01049999999999329248
-64.12550000000000238742
-63.05449999999999732836
-63.82750000000000056843
-63.84550000000000125056
-63.42150000000000176215
-64.32250000000000511591
-63.89999999999999857891
-63.31649999999999778311
