-64.23499999999999943157
-64.18149999999999977263
-63.82350000000000278533
-63.58599999999999852207
-63.77199999999999846523
-63.28000000000000113687
-64.02100000000000079581
-64.18550000000000466116
-63.24000000000000198952
-63.71650000000000346745
-64.07299999999999329248
-63.89699999999999846523
-63.86099999999999710099
-64.03249999999999886313
-64.00000000000000000000
-63.97549999999999670308
-63.24199999999999732836
-63.99900000000000233058
-63.58700000000000329692
-64.25199999999999533884
-64.11950000000000216005
-63.64549999999999840838
-63.98400000000000176215
-64.07500000000000284217
-63.85900000000000176215
-63.77400000000000090949
-64.33350000000000079581
-64.27599999999999624833
-63.84199999999999874944
-63.15050000000000096634
-64.30349999999999965894
-63.63199999999999789679
-63.93200000000000216005
-63.80949999999999988631
-63.61999999999999744205
-64.06250000000000000000
-63.81900000000000261480
-64.10999999999999943157
-63.98749999999999715783
-63.92600000000000193268
-64.04099999999999681677
-63.81499999999999772626
-64.01850000000000306954
-63.77900000000000346745
-64.21899999999999408828
-64.68500000000000227374
-64.38549999999999329248
-63.88499999999999801048
-64.01250000000000284217
-64.25100000000000477485
-64.15550000000000352429
-63.98649999999999948841
-63.79149999999999920419
-64.04099999999999681677
-63.63900000000000289901
-63.82450000000000045475
-63.80049999999999954525
-64.29949999999999477041
-63.99600000000000221689
-64.26999999999999602096
-64.22899999999999920419
-64.33450000000000557066
-64.71049999999999613465
-63.29350000000000164846
-64.31950000000000500222
-64.00799999999999556621
-63.60349999999999681677
-63.62749999999999772626
-63.30049999999999954525
-64.31600000000000250111
-64.12449999999999761258
-63.60199999999999675993
-62.95150000000000289901
-63.42750000000000198952
-63.93800000000000238742
-64.43999999999999772626
-64.26900000000000545697
-64.61750000000000682121
-64.33549999999999613465
-63.57600000000000051159
-63.64650000000000318323
-64.33050000000000068212
-63.93249999999999744205
-63.69299999999999783995
-63.78050000000000352429
-64.33050000000000068212
-63.81700000000000017053
-64.14900000000000090949
-63.50849999999999795364
-63.61449999999999960210
-63.57300000000000039790
-63.58899999999999863576
-64.21200000000000329692
-64.15149999999999863576
-64.10399999999999920419
-64.22549999999999670308
-64.12949999999999306510
-63.33500000000000085265
-64.29749999999999943157
-63.90650000000000119371
