0.71279999999999998916
0.68640000000000001013
0.70860000000000000764
0.72270000000000000906
0.64259999999999994902
0.64919999999999999929
0.69899999999999995470
0.63360000000000005205
0.63810000000000000053
0.71160000000000001030
0.65100000000000002309
0.69959999999999999964
0.68249999999999999556
0.73260000000000002895
0.69299999999999994937
0.68249999999999999556
0.66269999999999995577
0.63209999999999999520
0.75029999999999996696
0.62399999999999999911
0.65610000000000001652
0.75180000000000002380
0.67379999999999995453
0.66749999999999998224
0.68549999999999999822
0.72780000000000000249
0.65820000000000000728
0.63749999999999995559
0.69269999999999998241
0.68369999999999997442
0.68400000000000005240
0.72330000000000005400
0.64710000000000000853
0.66539999999999999147
0.69389999999999996128
0.66839999999999999414
0.62460000000000004405
0.64019999999999999130
0.71189999999999997726
0.68549999999999999822
0.72299999999999997602
0.69930000000000003268
0.68369999999999997442
0.63990000000000002434
0.68700000000000005507
0.67410000000000003251
0.68159999999999998366
0.69269999999999998241
0.68100000000000004974
0.69059999999999999165
0.62009999999999998455
0.66990000000000005098
0.69989999999999996660
0.72270000000000000906
0.68520000000000003126
0.70589999999999997193
0.71399999999999996803
0.70350000000000001421
0.63629999999999997673
0.72240000000000004210
0.64559999999999995168
0.63149999999999995026
0.67349999999999998757
0.71489999999999997993
0.63900000000000001243
0.70379999999999998117
0.71879999999999999449
0.72179999999999999716
0.65010000000000001119
0.69030000000000002469
0.71999999999999997335
0.64529999999999998472
0.61260000000000003340
0.69689999999999996394
0.71099999999999996536
0.70740000000000002878
0.68789999999999995595
0.64110000000000000320
0.70169999999999999041
0.72450000000000003286
0.71519999999999994689
0.66539999999999999147
0.60180000000000000160
0.68100000000000004974
0.61890000000000000568
0.62939999999999995950
0.66930000000000000604
0.63570000000000004281
0.72509999999999996678
0.67200000000000004174
0.68069999999999997176
0.67559999999999997833
0.69659999999999999698
0.67139999999999999680
0.63660000000000005471
0.73799999999999998934
0.65490000000000003766
0.73919999999999996820
0.69869999999999998774
0.75119999999999997886
