0.35639999999999999458
0.38300000000000000711
0.37019999999999997353
0.37480000000000002203
0.37630000000000002336
0.36620000000000002549
0.39669999999999999707
0.36520000000000002460
0.37840000000000001412
0.36089999999999999858
0.39410000000000000586
0.35720000000000001750
0.36849999999999999423
0.39140000000000002567
0.36559999999999998055
0.37219999999999997531
0.38259999999999999565
0.36299999999999998934
0.37609999999999998987
0.37609999999999998987
0.38979999999999997984
0.36980000000000001759
0.38860000000000000098
0.35270000000000001350
0.37349999999999999867
0.35759999999999997344
0.38810000000000000053
0.38569999999999998730
0.38309999999999999609
0.38019999999999998241
0.38140000000000001679
0.38640000000000002123
0.37069999999999997398
0.38119999999999998330
0.40279999999999999138
0.37609999999999998987
0.37140000000000000790
0.39650000000000001910
0.37580000000000002292
0.36440000000000000169
0.35220000000000001306
0.36659999999999998144
0.37390000000000001013
0.37109999999999998543
0.36859999999999998321
0.37500000000000000000
0.36609999999999998099
0.38309999999999999609
0.37930000000000002602
0.39250000000000001554
0.35380000000000000338
0.36440000000000000169
0.38319999999999998508
0.39200000000000001510
0.37409999999999998810
0.39129999999999998117
0.35080000000000000071
0.34389999999999998348
0.37059999999999998499
0.35880000000000000782
0.36959999999999998410
0.34870000000000000995
0.36049999999999998712
0.36890000000000000568
0.35970000000000001972
0.36969999999999997309
0.37040000000000000702
0.37440000000000001057
0.36399999999999999023
0.36290000000000000036
0.36859999999999998321
0.37480000000000002203
0.37380000000000002114
0.36499999999999999112
0.38090000000000001634
0.38590000000000002078
0.37600000000000000089
0.33269999999999999574
0.35999999999999998668
0.38080000000000002736
0.38309999999999999609
0.36309999999999997833
0.36890000000000000568
0.35589999999999999414
0.38109999999999999432
0.33860000000000001208
0.37509999999999998899
0.39250000000000001554
0.36490000000000000213
0.36120000000000002105
0.40129999999999999005
0.36059999999999997611
0.38329999999999997407
0.39290000000000002700
0.35589999999999999414
0.38009999999999999343
0.38319999999999998508
0.37969999999999998197
0.36649999999999999245
0.38650000000000001021
