0.57179999999999997495
0.55079999999999995630
0.56599999999999994760
0.62639999999999995683
0.54300000000000003819
0.57099999999999995204
0.55220000000000002416
0.57279999999999997584
0.59740000000000004210
0.59240000000000003766
0.58879999999999999005
0.56820000000000003837
0.56740000000000001545
0.55559999999999998277
0.57879999999999998117
0.60840000000000005187
0.60599999999999998312
0.58340000000000002967
0.60760000000000002895
0.60480000000000000426
0.59540000000000004032
0.59199999999999997069
0.59699999999999997513
0.53639999999999998792
0.56759999999999999343
0.54839999999999999858
0.60680000000000000604
0.55220000000000002416
0.56740000000000001545
0.54759999999999997566
0.58899999999999996803
0.61060000000000003162
0.57679999999999997939
0.58720000000000005524
0.56040000000000000924
0.56659999999999999254
0.57540000000000002256
0.55559999999999998277
0.52539999999999997815
0.56340000000000001190
0.61019999999999996465
0.58879999999999999005
0.55320000000000002505
0.53139999999999998348
0.59860000000000002096
0.56100000000000005418
0.56140000000000001013
0.56540000000000001368
0.55179999999999995719
0.60140000000000004565
0.56659999999999999254
0.55959999999999998632
0.59219999999999994866
0.59899999999999997691
0.56620000000000003659
0.53779999999999994476
0.60140000000000004565
0.57299999999999995381
0.58479999999999998650
0.58460000000000000853
0.57840000000000002522
0.58640000000000003233
0.57640000000000002345
0.59119999999999994778
0.57199999999999995293
0.61240000000000005542
0.53600000000000003197
0.59099999999999996980
0.55300000000000004707
0.56140000000000001013
0.57799999999999995826
0.58020000000000004903
0.56899999999999995026
0.59179999999999999272
0.59379999999999999449
0.60860000000000002984
0.54959999999999997744
0.58660000000000001030
0.58020000000000004903
0.54059999999999996945
0.57120000000000004103
0.54900000000000004352
0.56899999999999995026
0.60840000000000005187
0.54600000000000004086
0.57440000000000002167
0.55400000000000004796
0.56420000000000003482
0.56840000000000001634
0.56040000000000000924
0.55420000000000002593
0.58079999999999998295
0.56059999999999998721
0.59040000000000003588
0.59060000000000001386
0.60660000000000002807
0.57140000000000001901
0.58540000000000003144
0.58960000000000001297
0.60980000000000000870
